256
0 640 3 8192 2.000000000 2
8 456 3 8192 2.000000000 2
16 316 3 8192 2.000000000 2
16 616 3 8192 2.000000000 2
16 1048 3 8192 2.000000000 2
44 684 3 8192 2.000000000 2
68 64 3 8192 2.000000000 2
72 236 3 8192 2.000000000 2
72 272 3 8192 2.000000000 2
72 936 3 8192 2.000000000 2
76 108 3 8192 2.000000000 2
76 920 3 8192 2.000000000 2
84 364 3 8192 2.000000000 2
84 420 3 8192 2.000000000 2
88 708 3 8192 2.000000000 2
88 728 3 8192 2.000000000 2
88 1120 3 8192 2.000000000 2
92 1024 3 8192 2.000000000 2
96 216 3 8192 2.000000000 2
100 148 3 8192 2.000000000 2
100 236 3 8192 2.000000000 2
100 600 3 8192 2.000000000 2
104 700 3 8192 2.000000000 2
108 152 3 8192 2.000000000 2
116 476 3 8192 2.000000000 2
116 516 3 8192 2.000000000 2
116 528 3 8192 2.000000000 2
116 716 3 8192 2.000000000 2
120 1200 3 8192 2.000000000 2
120 1228 3 8192 2.000000000 2
136 92 3 8192 2.000000000 2
148 68 3 8192 2.000000000 2
148 260 3 8192 2.000000000 2
148 484 3 8192 2.000000000 2
160 1104 3 8192 2.000000000 2
172 20 3 8192 2.000000000 2
172 216 3 8192 2.000000000 2
184 428 3 8192 2.000000000 2
196 88 3 8192 2.000000000 2
196 212 3 8192 2.000000000 2
196 644 3 8192 2.000000000 2
200 88 3 8192 2.000000000 2
200 276 3 8192 2.000000000 2
208 408 3 8192 2.000000000 2
208 676 3 8192 2.000000000 2
208 1232 3 8192 2.000000000 2
212 1048 3 8192 2.000000000 2
216 532 3 8192 2.000000000 2
220 456 3 8192 2.000000000 2
220 1008 3 8192 2.000000000 2
224 360 3 8192 2.000000000 2
224 664 3 8192 2.000000000 2
232 344 3 8192 2.000000000 2
232 820 3 8192 2.000000000 2
240 736 3 8192 2.000000000 2
240 1116 3 8192 2.000000000 2
252 1076 3 8192 2.000000000 2
260 304 3 8192 2.000000000 2
264 164 3 8192 2.000000000 2
264 784 3 8192 2.000000000 2
264 944 3 8192 2.000000000 2
264 1116 3 8192 2.000000000 2
264 1120 3 8192 2.000000000 2
268 708 3 8192 2.000000000 2
268 824 3 8192 2.000000000 2
268 1024 3 8192 2.000000000 2
272 304 3 8192 2.000000000 2
276 272 3 8192 2.000000000 2
280 432 3 8192 2.000000000 2
288 44 3 8192 2.000000000 2
288 668 3 8192 2.000000000 2
288 1020 3 8192 2.000000000 2
296 528 3 8192 2.000000000 2
296 824 3 8192 2.000000000 2
300 144 3 8192 2.000000000 2
300 1232 3 8192 2.000000000 2
312 1176 3 8192 2.000000000 2
312 1188 3 8192 2.000000000 2
316 496 3 8192 2.000000000 2
316 688 3 8192 2.000000000 2
328 520 3 8192 2.000000000 2
344 804 3 8192 2.000000000 2
344 1228 3 8192 2.000000000 2
352 272 3 8192 2.000000000 2
352 536 3 8192 2.000000000 2
360 424 3 8192 2.000000000 2
376 8 3 8192 2.000000000 2
376 832 3 8192 2.000000000 2
392 936 3 8192 2.000000000 2
392 1184 3 8192 2.000000000 2
412 500 3 8192 2.000000000 2
420 704 3 8192 2.000000000 2
420 1256 3 8192 2.000000000 2
424 212 3 8192 2.000000000 2
432 820 3 8192 2.000000000 2
440 68 3 8192 2.000000000 2
444 752 3 8192 2.000000000 2
448 1212 3 8192 2.000000000 2
464 508 3 8192 2.000000000 2
464 668 3 8192 2.000000000 2
472 524 3 8192 2.000000000 2
472 868 3 8192 2.000000000 2
480 68 3 8192 2.000000000 2
488 360 3 8192 2.000000000 2
488 756 3 8192 2.000000000 2
492 1024 3 8192 2.000000000 2
492 1252 3 8192 2.000000000 2
500 472 3 8192 2.000000000 2
500 1112 3 8192 2.000000000 2
508 216 3 8192 2.000000000 2
508 796 3 8192 2.000000000 2
512 816 3 8192 2.000000000 2
512 968 3 8192 2.000000000 2
528 272 3 8192 2.000000000 2
528 292 3 8192 2.000000000 2
532 164 3 8192 2.000000000 2
536 616 3 8192 2.000000000 2
548 608 3 8192 2.000000000 2
552 320 3 8192 2.000000000 2
560 364 3 8192 2.000000000 2
560 580 3 8192 2.000000000 2
560 808 3 8192 2.000000000 2
572 1252 3 8192 2.000000000 2
588 552 3 8192 2.000000000 2
588 600 3 8192 2.000000000 2
588 1052 3 8192 2.000000000 2
592 852 3 8192 2.000000000 2
596 300 3 8192 2.000000000 2
600 348 3 8192 2.000000000 2
600 616 3 8192 2.000000000 2
608 212 3 8192 2.000000000 2
624 1084 3 8192 2.000000000 2
632 84 3 8192 2.000000000 2
660 348 3 8192 2.000000000 2
660 468 3 8192 2.000000000 2
664 72 3 8192 2.000000000 2
676 1012 3 8192 2.000000000 2
684 520 3 8192 2.000000000 2
684 528 3 8192 2.000000000 2
688 524 3 8192 2.000000000 2
708 1012 3 8192 2.000000000 2
712 1140 3 8192 2.000000000 2
724 216 3 8192 2.000000000 2
724 1160 3 8192 2.000000000 2
728 1156 3 8192 2.000000000 2
736 196 3 8192 2.000000000 2
736 668 3 8192 2.000000000 2
744 1128 3 8192 2.000000000 2
744 1148 3 8192 2.000000000 2
752 1240 3 8192 2.000000000 2
756 1276 3 8192 2.000000000 2
760 124 3 8192 2.000000000 2
792 588 3 8192 2.000000000 2
808 0 3 8192 2.000000000 2
808 780 3 8192 2.000000000 2
812 8 3 8192 2.000000000 2
812 236 3 8192 2.000000000 2
816 912 3 8192 2.000000000 2
820 280 3 8192 2.000000000 2
824 744 3 8192 2.000000000 2
824 1024 3 8192 2.000000000 2
832 20 3 8192 2.000000000 2
836 1136 3 8192 2.000000000 2
840 124 3 8192 2.000000000 2
840 760 3 8192 2.000000000 2
848 172 3 8192 2.000000000 2
852 896 3 8192 2.000000000 2
852 1232 3 8192 2.000000000 2
860 752 3 8192 2.000000000 2
868 616 3 8192 2.000000000 2
872 60 3 8192 2.000000000 2
876 928 3 8192 2.000000000 2
880 1256 3 8192 2.000000000 2
884 1024 3 8192 2.000000000 2
892 528 3 8192 2.000000000 2
892 888 3 8192 2.000000000 2
896 324 3 8192 2.000000000 2
900 392 3 8192 2.000000000 2
900 672 3 8192 2.000000000 2
904 68 3 8192 2.000000000 2
904 1276 3 8192 2.000000000 2
912 1164 3 8192 2.000000000 2
916 368 3 8192 2.000000000 2
928 1032 3 8192 2.000000000 2
936 120 3 8192 2.000000000 2
936 208 3 8192 2.000000000 2
936 1056 3 8192 2.000000000 2
940 60 3 8192 2.000000000 2
944 144 3 8192 2.000000000 2
944 184 3 8192 2.000000000 2
980 512 3 8192 2.000000000 2
984 384 3 8192 2.000000000 2
984 660 3 8192 2.000000000 2
988 428 3 8192 2.000000000 2
988 668 3 8192 2.000000000 2
1020 1056 3 8192 2.000000000 2
1024 12 3 8192 2.000000000 2
1028 32 3 8192 2.000000000 2
1036 48 3 8192 2.000000000 2
1048 180 3 8192 2.000000000 2
1048 196 3 8192 2.000000000 2
1052 172 3 8192 2.000000000 2
1052 288 3 8192 2.000000000 2
1060 512 3 8192 2.000000000 2
1064 664 3 8192 2.000000000 2
1068 0 3 8192 2.000000000 2
1072 1220 3 8192 2.000000000 2
1076 256 3 8192 2.000000000 2
1080 552 3 8192 2.000000000 2
1080 1240 3 8192 2.000000000 2
1088 256 3 8192 2.000000000 2
1088 260 3 8192 2.000000000 2
1088 276 3 8192 2.000000000 2
1088 972 3 8192 2.000000000 2
1092 928 3 8192 2.000000000 2
1096 92 3 8192 2.000000000 2
1096 316 3 8192 2.000000000 2
1096 1020 3 8192 2.000000000 2
1100 172 3 8192 2.000000000 2
1100 344 3 8192 2.000000000 2
1104 1012 3 8192 2.000000000 2
1116 60 3 8192 2.000000000 2
1120 148 3 8192 2.000000000 2
1120 300 3 8192 2.000000000 2
1132 260 3 8192 2.000000000 2
1136 136 3 8192 2.000000000 2
1136 196 3 8192 2.000000000 2
1136 916 3 8192 2.000000000 2
1156 596 3 8192 2.000000000 2
1160 236 3 8192 2.000000000 2
1164 8 3 8192 2.000000000 2
1172 1164 3 8192 2.000000000 2
1176 904 3 8192 2.000000000 2
1176 1104 3 8192 2.000000000 2
1184 316 3 8192 2.000000000 2
1184 784 3 8192 2.000000000 2
1184 820 3 8192 2.000000000 2
1196 968 3 8192 2.000000000 2
1200 1088 3 8192 2.000000000 2
1204 92 3 8192 2.000000000 2
1212 224 3 8192 2.000000000 2
1216 48 3 8192 2.000000000 2
1224 496 3 8192 2.000000000 2
1228 696 3 8192 2.000000000 2
1244 144 3 8192 2.000000000 2
1244 300 3 8192 2.000000000 2
1244 712 3 8192 2.000000000 2
1252 108 3 8192 2.000000000 2
1256 460 3 8192 2.000000000 2
1256 884 3 8192 2.000000000 2
1260 252 3 8192 2.000000000 2
1260 1036 3 8192 2.000000000 2
1264 212 3 8192 2.000000000 2
1264 512 3 8192 2.000000000 2
1272 324 3 8192 2.000000000 2
1272 472 3 8192 2.000000000 2
