2306
844 416 3 8388608 2.000000000 1
648 1144 3 8388608 2.000000000 1
0 52 3 8192 2.000000000 2
0 108 3 8192 2.000000000 2
0 216 3 8192 2.000000000 2
0 236 3 8192 2.000000000 2
0 272 3 8192 2.000000000 2
0 548 3 8192 2.000000000 2
0 632 3 8192 2.000000000 2
0 668 3 8192 2.000000000 2
0 700 3 8192 2.000000000 2
0 884 3 8192 2.000000000 2
4 236 3 8192 2.000000000 2
4 264 3 8192 2.000000000 2
4 272 3 8192 2.000000000 2
4 696 3 8192 2.000000000 2
4 724 3 8192 2.000000000 2
4 796 3 8192 2.000000000 2
4 820 3 8192 2.000000000 2
4 984 3 8192 2.000000000 2
8 84 3 8192 2.000000000 2
8 96 3 8192 2.000000000 2
8 108 3 8192 2.000000000 2
8 216 3 8192 2.000000000 2
8 376 3 8192 2.000000000 2
8 496 3 8192 2.000000000 2
8 744 3 8192 2.000000000 2
8 1048 3 8192 2.000000000 2
12 148 3 8192 2.000000000 2
12 212 3 8192 2.000000000 2
12 376 3 8192 2.000000000 2
12 396 3 8192 2.000000000 2
12 604 3 8192 2.000000000 2
12 792 3 8192 2.000000000 2
12 1188 3 8192 2.000000000 2
16 136 3 8192 2.000000000 2
16 268 3 8192 2.000000000 2
16 352 3 8192 2.000000000 2
16 688 3 8192 2.000000000 2
16 1020 3 8192 2.000000000 2
16 1228 3 8192 2.000000000 2
20 92 3 8192 2.000000000 2
20 672 3 8192 2.000000000 2
20 1184 3 8192 2.000000000 2
24 20 3 8192 2.000000000 2
24 196 3 8192 2.000000000 2
24 444 3 8192 2.000000000 2
24 448 3 8192 2.000000000 2
24 640 3 8192 2.000000000 2
24 732 3 8192 2.000000000 2
24 744 3 8192 2.000000000 2
24 780 3 8192 2.000000000 2
24 900 3 8192 2.000000000 2
32 40 3 8192 2.000000000 2
32 156 3 8192 2.000000000 2
32 312 3 8192 2.000000000 2
32 600 3 8192 2.000000000 2
32 608 3 8192 2.000000000 2
32 760 3 8192 2.000000000 2
32 812 3 8192 2.000000000 2
32 816 3 8192 2.000000000 2
32 864 3 8192 2.000000000 2
32 900 3 8192 2.000000000 2
32 1184 3 8192 2.000000000 2
32 1260 3 8192 2.000000000 2
40 156 3 8192 2.000000000 2
40 280 3 8192 2.000000000 2
40 516 3 8192 2.000000000 2
40 724 3 8192 2.000000000 2
40 1048 3 8192 2.000000000 2
40 1076 3 8192 2.000000000 2
40 1256 3 8192 2.000000000 2
44 204 3 8192 2.000000000 2
44 268 3 8192 2.000000000 2
44 456 3 8192 2.000000000 2
44 1048 3 8192 2.000000000 2
44 1052 3 8192 2.000000000 2
44 1080 3 8192 2.000000000 2
44 1092 3 8192 2.000000000 2
44 1148 3 8192 2.000000000 2
44 1220 3 8192 2.000000000 2
48 0 3 8192 2.000000000 2
48 108 3 8192 2.000000000 2
48 228 3 8192 2.000000000 2
48 292 3 8192 2.000000000 2
48 456 3 8192 2.000000000 2
48 528 3 8192 2.000000000 2
48 568 3 8192 2.000000000 2
48 604 3 8192 2.000000000 2
48 972 3 8192 2.000000000 2
48 1116 3 8192 2.000000000 2
52 100 3 8192 2.000000000 2
52 132 3 8192 2.000000000 2
52 276 3 8192 2.000000000 2
52 304 3 8192 2.000000000 2
52 316 3 8192 2.000000000 2
52 396 3 8192 2.000000000 2
52 460 3 8192 2.000000000 2
52 524 3 8192 2.000000000 2
52 744 3 8192 2.000000000 2
52 796 3 8192 2.000000000 2
52 920 3 8192 2.000000000 2
52 944 3 8192 2.000000000 2
52 1012 3 8192 2.000000000 2
52 1072 3 8192 2.000000000 2
52 1200 3 8192 2.000000000 2
60 132 3 8192 2.000000000 2
60 312 3 8192 2.000000000 2
60 536 3 8192 2.000000000 2
60 548 3 8192 2.000000000 2
60 592 3 8192 2.000000000 2
60 792 3 8192 2.000000000 2
60 876 3 8192 2.000000000 2
60 900 3 8192 2.000000000 2
60 916 3 8192 2.000000000 2
60 984 3 8192 2.000000000 2
60 1132 3 8192 2.000000000 2
64 0 3 8192 2.000000000 2
64 60 3 8192 2.000000000 2
64 224 3 8192 2.000000000 2
64 280 3 8192 2.000000000 2
64 500 3 8192 2.000000000 2
64 520 3 8192 2.000000000 2
64 532 3 8192 2.000000000 2
64 548 3 8192 2.000000000 2
64 936 3 8192 2.000000000 2
64 1172 3 8192 2.000000000 2
64 1244 3 8192 2.000000000 2
68 8 3 8192 2.000000000 2
68 32 3 8192 2.000000000 2
68 156 3 8192 2.000000000 2
68 528 3 8192 2.000000000 2
68 592 3 8192 2.000000000 2
68 684 3 8192 2.000000000 2
68 1020 3 8192 2.000000000 2
68 1084 3 8192 2.000000000 2
68 1252 3 8192 2.000000000 2
72 80 3 8192 2.000000000 2
72 108 3 8192 2.000000000 2
72 148 3 8192 2.000000000 2
72 164 3 8192 2.000000000 2
72 172 3 8192 2.000000000 2
72 316 3 8192 2.000000000 2
72 392 3 8192 2.000000000 2
72 456 3 8192 2.000000000 2
72 696 3 8192 2.000000000 2
72 744 3 8192 2.000000000 2
72 780 3 8192 2.000000000 2
72 812 3 8192 2.000000000 2
72 824 3 8192 2.000000000 2
72 840 3 8192 2.000000000 2
72 936 3 8192 2.000000000 2
72 1176 3 8192 2.000000000 2
72 1252 3 8192 2.000000000 2
76 360 3 8192 2.000000000 2
76 368 3 8192 2.000000000 2
76 552 3 8192 2.000000000 2
76 644 3 8192 2.000000000 2
76 804 3 8192 2.000000000 2
76 880 3 8192 2.000000000 2
76 1072 3 8192 2.000000000 2
76 1220 3 8192 2.000000000 2
80 64 3 8192 2.000000000 2
80 352 3 8192 2.000000000 2
80 448 3 8192 2.000000000 2
80 460 3 8192 2.000000000 2
80 588 3 8192 2.000000000 2
80 700 3 8192 2.000000000 2
80 888 3 8192 2.000000000 2
80 1100 3 8192 2.000000000 2
80 1152 3 8192 2.000000000 2
84 48 3 8192 2.000000000 2
84 240 3 8192 2.000000000 2
84 252 3 8192 2.000000000 2
84 276 3 8192 2.000000000 2
84 364 3 8192 2.000000000 2
84 392 3 8192 2.000000000 2
84 408 3 8192 2.000000000 2
84 432 3 8192 2.000000000 2
84 480 3 8192 2.000000000 2
84 632 3 8192 2.000000000 2
84 708 3 8192 2.000000000 2
84 948 3 8192 2.000000000 2
84 1008 3 8192 2.000000000 2
84 1072 3 8192 2.000000000 2
88 156 3 8192 2.000000000 2
88 160 3 8192 2.000000000 2
88 324 3 8192 2.000000000 2
88 348 3 8192 2.000000000 2
88 592 3 8192 2.000000000 2
88 676 3 8192 2.000000000 2
88 744 3 8192 2.000000000 2
88 820 3 8192 2.000000000 2
88 900 3 8192 2.000000000 2
88 912 3 8192 2.000000000 2
88 988 3 8192 2.000000000 2
88 1152 3 8192 2.000000000 2
88 1228 3 8192 2.000000000 2
88 1252 3 8192 2.000000000 2
92 0 3 8192 2.000000000 2
92 4 3 8192 2.000000000 2
92 20 3 8192 2.000000000 2
92 68 3 8192 2.000000000 2
92 124 3 8192 2.000000000 2
92 132 3 8192 2.000000000 2
92 964 3 8192 2.000000000 2
92 1004 3 8192 2.000000000 2
92 1152 3 8192 2.000000000 2
96 52 3 8192 2.000000000 2
96 104 3 8192 2.000000000 2
96 108 3 8192 2.000000000 2
96 120 3 8192 2.000000000 2
96 216 3 8192 2.000000000 2
96 244 3 8192 2.000000000 2
96 468 3 8192 2.000000000 2
96 664 3 8192 2.000000000 2
96 1232 3 8192 2.000000000 2
100 116 3 8192 2.000000000 2
100 152 3 8192 2.000000000 2
100 236 3 8192 2.000000000 2
100 752 3 8192 2.000000000 2
100 784 3 8192 2.000000000 2
100 1116 3 8192 2.000000000 2
104 72 3 8192 2.000000000 2
104 172 3 8192 2.000000000 2
104 324 3 8192 2.000000000 2
104 408 3 8192 2.000000000 2
104 516 3 8192 2.000000000 2
104 520 3 8192 2.000000000 2
104 676 3 8192 2.000000000 2
104 888 3 8192 2.000000000 2
108 72 3 8192 2.000000000 2
108 124 3 8192 2.000000000 2
108 264 3 8192 2.000000000 2
108 384 3 8192 2.000000000 2
108 600 3 8192 2.000000000 2
108 972 3 8192 2.000000000 2
116 40 3 8192 2.000000000 2
116 76 3 8192 2.000000000 2
116 320 3 8192 2.000000000 2
116 420 3 8192 2.000000000 2
116 508 3 8192 2.000000000 2
116 516 3 8192 2.000000000 2
116 948 3 8192 2.000000000 2
116 1164 3 8192 2.000000000 2
120 76 3 8192 2.000000000 2
120 144 3 8192 2.000000000 2
120 268 3 8192 2.000000000 2
120 344 3 8192 2.000000000 2
120 364 3 8192 2.000000000 2
120 460 3 8192 2.000000000 2
120 848 3 8192 2.000000000 2
120 904 3 8192 2.000000000 2
124 216 3 8192 2.000000000 2
124 276 3 8192 2.000000000 2
124 280 3 8192 2.000000000 2
124 316 3 8192 2.000000000 2
124 448 3 8192 2.000000000 2
124 676 3 8192 2.000000000 2
124 940 3 8192 2.000000000 2
124 972 3 8192 2.000000000 2
124 1060 3 8192 2.000000000 2
124 1172 3 8192 2.000000000 2
124 1188 3 8192 2.000000000 2
124 1212 3 8192 2.000000000 2
132 52 3 8192 2.000000000 2
132 280 3 8192 2.000000000 2
132 316 3 8192 2.000000000 2
132 396 3 8192 2.000000000 2
132 500 3 8192 2.000000000 2
132 652 3 8192 2.000000000 2
132 736 3 8192 2.000000000 2
132 1056 3 8192 2.000000000 2
132 1240 3 8192 2.000000000 2
136 92 3 8192 2.000000000 2
136 156 3 8192 2.000000000 2
136 304 3 8192 2.000000000 2
136 640 3 8192 2.000000000 2
136 672 3 8192 2.000000000 2
136 808 3 8192 2.000000000 2
136 1056 3 8192 2.000000000 2
136 1116 3 8192 2.000000000 2
136 1148 3 8192 2.000000000 2
144 64 3 8192 2.000000000 2
144 164 3 8192 2.000000000 2
144 232 3 8192 2.000000000 2
144 348 3 8192 2.000000000 2
144 460 3 8192 2.000000000 2
144 492 3 8192 2.000000000 2
144 1112 3 8192 2.000000000 2
144 1176 3 8192 2.000000000 2
148 32 3 8192 2.000000000 2
148 220 3 8192 2.000000000 2
148 236 3 8192 2.000000000 2
148 428 3 8192 2.000000000 2
148 684 3 8192 2.000000000 2
148 868 3 8192 2.000000000 2
148 872 3 8192 2.000000000 2
148 1260 3 8192 2.000000000 2
152 84 3 8192 2.000000000 2
152 260 3 8192 2.000000000 2
152 328 3 8192 2.000000000 2
152 712 3 8192 2.000000000 2
152 1200 3 8192 2.000000000 2
152 1220 3 8192 2.000000000 2
156 76 3 8192 2.000000000 2
156 304 3 8192 2.000000000 2
156 324 3 8192 2.000000000 2
156 360 3 8192 2.000000000 2
156 408 3 8192 2.000000000 2
156 444 3 8192 2.000000000 2
156 708 3 8192 2.000000000 2
156 736 3 8192 2.000000000 2
156 744 3 8192 2.000000000 2
156 796 3 8192 2.000000000 2
156 836 3 8192 2.000000000 2
156 960 3 8192 2.000000000 2
156 1116 3 8192 2.000000000 2
156 1168 3 8192 2.000000000 2
160 108 3 8192 2.000000000 2
160 304 3 8192 2.000000000 2
160 328 3 8192 2.000000000 2
160 440 3 8192 2.000000000 2
160 692 3 8192 2.000000000 2
160 796 3 8192 2.000000000 2
160 936 3 8192 2.000000000 2
160 984 3 8192 2.000000000 2
160 1252 3 8192 2.000000000 2
164 20 3 8192 2.000000000 2
164 144 3 8192 2.000000000 2
164 268 3 8192 2.000000000 2
164 304 3 8192 2.000000000 2
164 484 3 8192 2.000000000 2
164 496 3 8192 2.000000000 2
164 512 3 8192 2.000000000 2
164 560 3 8192 2.000000000 2
164 588 3 8192 2.000000000 2
164 596 3 8192 2.000000000 2
164 640 3 8192 2.000000000 2
172 152 3 8192 2.000000000 2
172 184 3 8192 2.000000000 2
172 232 3 8192 2.000000000 2
172 236 3 8192 2.000000000 2
172 460 3 8192 2.000000000 2
172 512 3 8192 2.000000000 2
172 692 3 8192 2.000000000 2
172 876 3 8192 2.000000000 2
172 944 3 8192 2.000000000 2
172 1176 3 8192 2.000000000 2
180 312 3 8192 2.000000000 2
180 544 3 8192 2.000000000 2
180 688 3 8192 2.000000000 2
180 780 3 8192 2.000000000 2
180 836 3 8192 2.000000000 2
180 972 3 8192 2.000000000 2
180 1056 3 8192 2.000000000 2
180 1260 3 8192 2.000000000 2
184 32 3 8192 2.000000000 2
184 64 3 8192 2.000000000 2
184 132 3 8192 2.000000000 2
184 216 3 8192 2.000000000 2
184 428 3 8192 2.000000000 2
184 444 3 8192 2.000000000 2
184 504 3 8192 2.000000000 2
184 572 3 8192 2.000000000 2
184 688 3 8192 2.000000000 2
184 1048 3 8192 2.000000000 2
184 1172 3 8192 2.000000000 2
196 104 3 8192 2.000000000 2
196 220 3 8192 2.000000000 2
196 244 3 8192 2.000000000 2
196 412 3 8192 2.000000000 2
196 428 3 8192 2.000000000 2
196 596 3 8192 2.000000000 2
196 708 3 8192 2.000000000 2
196 900 3 8192 2.000000000 2
196 960 3 8192 2.000000000 2
196 1096 3 8192 2.000000000 2
200 104 3 8192 2.000000000 2
200 264 3 8192 2.000000000 2
200 352 3 8192 2.000000000 2
200 360 3 8192 2.000000000 2
200 368 3 8192 2.000000000 2
200 440 3 8192 2.000000000 2
200 492 3 8192 2.000000000 2
200 696 3 8192 2.000000000 2
200 896 3 8192 2.000000000 2
200 900 3 8192 2.000000000 2
200 1024 3 8192 2.000000000 2
200 1048 3 8192 2.000000000 2
200 1220 3 8192 2.000000000 2
204 216 3 8192 2.000000000 2
204 228 3 8192 2.000000000 2
204 272 3 8192 2.000000000 2
204 396 3 8192 2.000000000 2
204 424 3 8192 2.000000000 2
204 444 3 8192 2.000000000 2
204 504 3 8192 2.000000000 2
204 572 3 8192 2.000000000 2
204 800 3 8192 2.000000000 2
204 812 3 8192 2.000000000 2
208 272 3 8192 2.000000000 2
208 292 3 8192 2.000000000 2
208 324 3 8192 2.000000000 2
208 428 3 8192 2.000000000 2
208 760 3 8192 2.000000000 2
208 768 3 8192 2.000000000 2
208 784 3 8192 2.000000000 2
208 1096 3 8192 2.000000000 2
208 1148 3 8192 2.000000000 2
208 1192 3 8192 2.000000000 2
212 64 3 8192 2.000000000 2
212 420 3 8192 2.000000000 2
212 524 3 8192 2.000000000 2
212 604 3 8192 2.000000000 2
212 824 3 8192 2.000000000 2
212 920 3 8192 2.000000000 2
212 960 3 8192 2.000000000 2
212 1012 3 8192 2.000000000 2
216 100 3 8192 2.000000000 2
216 120 3 8192 2.000000000 2
216 144 3 8192 2.000000000 2
216 240 3 8192 2.000000000 2
216 580 3 8192 2.000000000 2
216 712 3 8192 2.000000000 2
216 824 3 8192 2.000000000 2
216 960 3 8192 2.000000000 2
216 1212 3 8192 2.000000000 2
220 100 3 8192 2.000000000 2
220 468 3 8192 2.000000000 2
220 604 3 8192 2.000000000 2
220 724 3 8192 2.000000000 2
220 780 3 8192 2.000000000 2
220 964 3 8192 2.000000000 2
220 1008 3 8192 2.000000000 2
220 1020 3 8192 2.000000000 2
220 1056 3 8192 2.000000000 2
220 1236 3 8192 2.000000000 2
224 432 3 8192 2.000000000 2
224 556 3 8192 2.000000000 2
224 596 3 8192 2.000000000 2
224 640 3 8192 2.000000000 2
224 868 3 8192 2.000000000 2
224 912 3 8192 2.000000000 2
224 916 3 8192 2.000000000 2
224 1140 3 8192 2.000000000 2
224 1160 3 8192 2.000000000 2
224 1236 3 8192 2.000000000 2
228 4 3 8192 2.000000000 2
228 100 3 8192 2.000000000 2
228 288 3 8192 2.000000000 2
228 324 3 8192 2.000000000 2
228 596 3 8192 2.000000000 2
228 644 3 8192 2.000000000 2
228 1024 3 8192 2.000000000 2
228 1068 3 8192 2.000000000 2
228 1080 3 8192 2.000000000 2
232 96 3 8192 2.000000000 2
232 116 3 8192 2.000000000 2
232 216 3 8192 2.000000000 2
232 424 3 8192 2.000000000 2
232 428 3 8192 2.000000000 2
232 780 3 8192 2.000000000 2
232 876 3 8192 2.000000000 2
232 980 3 8192 2.000000000 2
232 1152 3 8192 2.000000000 2
232 1164 3 8192 2.000000000 2
236 312 3 8192 2.000000000 2
236 392 3 8192 2.000000000 2
236 568 3 8192 2.000000000 2
236 644 3 8192 2.000000000 2
236 1132 3 8192 2.000000000 2
236 1148 3 8192 2.000000000 2
240 268 3 8192 2.000000000 2
240 292 3 8192 2.000000000 2
240 520 3 8192 2.000000000 2
240 568 3 8192 2.000000000 2
240 624 3 8192 2.000000000 2
240 904 3 8192 2.000000000 2
244 16 3 8192 2.000000000 2
244 100 3 8192 2.000000000 2
244 220 3 8192 2.000000000 2
244 260 3 8192 2.000000000 2
244 660 3 8192 2.000000000 2
244 744 3 8192 2.000000000 2
244 812 3 8192 2.000000000 2
244 1136 3 8192 2.000000000 2
244 1156 3 8192 2.000000000 2
244 1160 3 8192 2.000000000 2
252 52 3 8192 2.000000000 2
252 116 3 8192 2.000000000 2
252 216 3 8192 2.000000000 2
252 464 3 8192 2.000000000 2
252 544 3 8192 2.000000000 2
252 580 3 8192 2.000000000 2
252 616 3 8192 2.000000000 2
252 816 3 8192 2.000000000 2
252 940 3 8192 2.000000000 2
252 1020 3 8192 2.000000000 2
252 1168 3 8192 2.000000000 2
252 1260 3 8192 2.000000000 2
256 80 3 8192 2.000000000 2
256 288 3 8192 2.000000000 2
256 640 3 8192 2.000000000 2
256 688 3 8192 2.000000000 2
256 912 3 8192 2.000000000 2
256 1008 3 8192 2.000000000 2
256 1020 3 8192 2.000000000 2
256 1056 3 8192 2.000000000 2
260 52 3 8192 2.000000000 2
260 116 3 8192 2.000000000 2
260 200 3 8192 2.000000000 2
260 732 3 8192 2.000000000 2
260 736 3 8192 2.000000000 2
260 840 3 8192 2.000000000 2
260 928 3 8192 2.000000000 2
260 980 3 8192 2.000000000 2
264 172 3 8192 2.000000000 2
264 424 3 8192 2.000000000 2
264 444 3 8192 2.000000000 2
264 600 3 8192 2.000000000 2
264 624 3 8192 2.000000000 2
264 708 3 8192 2.000000000 2
264 984 3 8192 2.000000000 2
264 1008 3 8192 2.000000000 2
264 1032 3 8192 2.000000000 2
264 1272 3 8192 2.000000000 2
268 132 3 8192 2.000000000 2
268 136 3 8192 2.000000000 2
268 316 3 8192 2.000000000 2
268 536 3 8192 2.000000000 2
268 608 3 8192 2.000000000 2
268 708 3 8192 2.000000000 2
268 712 3 8192 2.000000000 2
268 812 3 8192 2.000000000 2
268 940 3 8192 2.000000000 2
268 1132 3 8192 2.000000000 2
268 1140 3 8192 2.000000000 2
268 1176 3 8192 2.000000000 2
268 1204 3 8192 2.000000000 2
268 1212 3 8192 2.000000000 2
272 76 3 8192 2.000000000 2
272 152 3 8192 2.000000000 2
272 304 3 8192 2.000000000 2
272 376 3 8192 2.000000000 2
272 408 3 8192 2.000000000 2
272 456 3 8192 2.000000000 2
272 1048 3 8192 2.000000000 2
272 1272 3 8192 2.000000000 2
276 20 3 8192 2.000000000 2
276 496 3 8192 2.000000000 2
276 916 3 8192 2.000000000 2
276 1188 3 8192 2.000000000 2
280 4 3 8192 2.000000000 2
280 116 3 8192 2.000000000 2
280 376 3 8192 2.000000000 2
280 432 3 8192 2.000000000 2
280 544 3 8192 2.000000000 2
280 588 3 8192 2.000000000 2
280 676 3 8192 2.000000000 2
280 1156 3 8192 2.000000000 2
288 88 3 8192 2.000000000 2
288 120 3 8192 2.000000000 2
288 148 3 8192 2.000000000 2
288 268 3 8192 2.000000000 2
288 624 3 8192 2.000000000 2
288 668 3 8192 2.000000000 2
288 744 3 8192 2.000000000 2
288 784 3 8192 2.000000000 2
288 808 3 8192 2.000000000 2
288 884 3 8192 2.000000000 2
288 964 3 8192 2.000000000 2
288 1008 3 8192 2.000000000 2
288 1020 3 8192 2.000000000 2
288 1084 3 8192 2.000000000 2
288 1264 3 8192 2.000000000 2
292 4 3 8192 2.000000000 2
292 72 3 8192 2.000000000 2
292 124 3 8192 2.000000000 2
292 208 3 8192 2.000000000 2
292 488 3 8192 2.000000000 2
292 524 3 8192 2.000000000 2
292 712 3 8192 2.000000000 2
292 860 3 8192 2.000000000 2
292 928 3 8192 2.000000000 2
292 964 3 8192 2.000000000 2
292 1084 3 8192 2.000000000 2
292 1188 3 8192 2.000000000 2
296 496 3 8192 2.000000000 2
296 528 3 8192 2.000000000 2
296 672 3 8192 2.000000000 2
296 888 3 8192 2.000000000 2
296 1068 3 8192 2.000000000 2
296 1100 3 8192 2.000000000 2
300 52 3 8192 2.000000000 2
300 64 3 8192 2.000000000 2
300 172 3 8192 2.000000000 2
300 224 3 8192 2.000000000 2
300 324 3 8192 2.000000000 2
300 440 3 8192 2.000000000 2
300 448 3 8192 2.000000000 2
300 964 3 8192 2.000000000 2
300 1008 3 8192 2.000000000 2
300 1048 3 8192 2.000000000 2
300 1136 3 8192 2.000000000 2
300 1160 3 8192 2.000000000 2
304 172 3 8192 2.000000000 2
304 268 3 8192 2.000000000 2
304 876 3 8192 2.000000000 2
304 1192 3 8192 2.000000000 2
304 1276 3 8192 2.000000000 2
312 96 3 8192 2.000000000 2
312 164 3 8192 2.000000000 2
312 180 3 8192 2.000000000 2
312 608 3 8192 2.000000000 2
312 704 3 8192 2.000000000 2
312 804 3 8192 2.000000000 2
312 916 3 8192 2.000000000 2
312 1156 3 8192 2.000000000 2
312 1188 3 8192 2.000000000 2
316 60 3 8192 2.000000000 2
316 272 3 8192 2.000000000 2
316 296 3 8192 2.000000000 2
316 664 3 8192 2.000000000 2
316 1156 3 8192 2.000000000 2
316 1244 3 8192 2.000000000 2
320 124 3 8192 2.000000000 2
320 412 3 8192 2.000000000 2
320 752 3 8192 2.000000000 2
320 820 3 8192 2.000000000 2
324 316 3 8192 2.000000000 2
324 712 3 8192 2.000000000 2
324 716 3 8192 2.000000000 2
324 1008 3 8192 2.000000000 2
324 1148 3 8192 2.000000000 2
328 708 3 8192 2.000000000 2
328 988 3 8192 2.000000000 2
328 1084 3 8192 2.000000000 2
328 1128 3 8192 2.000000000 2
328 1196 3 8192 2.000000000 2
344 44 3 8192 2.000000000 2
344 48 3 8192 2.000000000 2
344 136 3 8192 2.000000000 2
344 444 3 8192 2.000000000 2
344 632 3 8192 2.000000000 2
344 860 3 8192 2.000000000 2
344 892 3 8192 2.000000000 2
344 1072 3 8192 2.000000000 2
344 1096 3 8192 2.000000000 2
344 1200 3 8192 2.000000000 2
348 392 3 8192 2.000000000 2
348 468 3 8192 2.000000000 2
348 624 3 8192 2.000000000 2
348 836 3 8192 2.000000000 2
348 876 3 8192 2.000000000 2
348 936 3 8192 2.000000000 2
348 988 3 8192 2.000000000 2
348 1092 3 8192 2.000000000 2
348 1184 3 8192 2.000000000 2
348 1212 3 8192 2.000000000 2
348 1232 3 8192 2.000000000 2
348 1252 3 8192 2.000000000 2
352 116 3 8192 2.000000000 2
352 484 3 8192 2.000000000 2
352 616 3 8192 2.000000000 2
352 668 3 8192 2.000000000 2
352 1036 3 8192 2.000000000 2
352 1068 3 8192 2.000000000 2
352 1088 3 8192 2.000000000 2
352 1120 3 8192 2.000000000 2
352 1252 3 8192 2.000000000 2
360 0 3 8192 2.000000000 2
360 204 3 8192 2.000000000 2
360 652 3 8192 2.000000000 2
360 852 3 8192 2.000000000 2
360 912 3 8192 2.000000000 2
360 1228 3 8192 2.000000000 2
364 288 3 8192 2.000000000 2
364 396 3 8192 2.000000000 2
364 552 3 8192 2.000000000 2
364 560 3 8192 2.000000000 2
364 696 3 8192 2.000000000 2
364 784 3 8192 2.000000000 2
364 920 3 8192 2.000000000 2
364 1112 3 8192 2.000000000 2
364 1220 3 8192 2.000000000 2
368 104 3 8192 2.000000000 2
368 496 3 8192 2.000000000 2
368 504 3 8192 2.000000000 2
368 524 3 8192 2.000000000 2
368 544 3 8192 2.000000000 2
368 548 3 8192 2.000000000 2
368 1024 3 8192 2.000000000 2
368 1088 3 8192 2.000000000 2
376 80 3 8192 2.000000000 2
376 392 3 8192 2.000000000 2
376 428 3 8192 2.000000000 2
376 492 3 8192 2.000000000 2
376 712 3 8192 2.000000000 2
376 820 3 8192 2.000000000 2
376 904 3 8192 2.000000000 2
376 1156 3 8192 2.000000000 2
376 1192 3 8192 2.000000000 2
376 1236 3 8192 2.000000000 2
384 716 3 8192 2.000000000 2
384 860 3 8192 2.000000000 2
384 1028 3 8192 2.000000000 2
384 1032 3 8192 2.000000000 2
384 1060 3 8192 2.000000000 2
384 1276 3 8192 2.000000000 2
392 216 3 8192 2.000000000 2
392 296 3 8192 2.000000000 2
392 320 3 8192 2.000000000 2
392 532 3 8192 2.000000000 2
392 640 3 8192 2.000000000 2
392 860 3 8192 2.000000000 2
392 1028 3 8192 2.000000000 2
392 1068 3 8192 2.000000000 2
396 412 3 8192 2.000000000 2
396 528 3 8192 2.000000000 2
396 632 3 8192 2.000000000 2
396 848 3 8192 2.000000000 2
396 944 3 8192 2.000000000 2
396 964 3 8192 2.000000000 2
396 968 3 8192 2.000000000 2
396 984 3 8192 2.000000000 2
396 1116 3 8192 2.000000000 2
396 1192 3 8192 2.000000000 2
408 24 3 8192 2.000000000 2
408 152 3 8192 2.000000000 2
408 376 3 8192 2.000000000 2
408 384 3 8192 2.000000000 2
408 460 3 8192 2.000000000 2
408 876 3 8192 2.000000000 2
408 1036 3 8192 2.000000000 2
408 1120 3 8192 2.000000000 2
412 208 3 8192 2.000000000 2
412 232 3 8192 2.000000000 2
412 272 3 8192 2.000000000 2
412 304 3 8192 2.000000000 2
412 316 3 8192 2.000000000 2
412 480 3 8192 2.000000000 2
412 500 3 8192 2.000000000 2
412 836 3 8192 2.000000000 2
412 860 3 8192 2.000000000 2
412 900 3 8192 2.000000000 2
412 984 3 8192 2.000000000 2
412 1024 3 8192 2.000000000 2
412 1048 3 8192 2.000000000 2
412 1076 3 8192 2.000000000 2
420 12 3 8192 2.000000000 2
420 68 3 8192 2.000000000 2
420 136 3 8192 2.000000000 2
420 160 3 8192 2.000000000 2
420 324 3 8192 2.000000000 2
420 752 3 8192 2.000000000 2
420 852 3 8192 2.000000000 2
420 944 3 8192 2.000000000 2
420 996 3 8192 2.000000000 2
420 1240 3 8192 2.000000000 2
424 24 3 8192 2.000000000 2
424 132 3 8192 2.000000000 2
424 236 3 8192 2.000000000 2
424 704 3 8192 2.000000000 2
424 900 3 8192 2.000000000 2
424 920 3 8192 2.000000000 2
428 236 3 8192 2.000000000 2
428 520 3 8192 2.000000000 2
428 968 3 8192 2.000000000 2
428 1172 3 8192 2.000000000 2
432 44 3 8192 2.000000000 2
432 220 3 8192 2.000000000 2
432 252 3 8192 2.000000000 2
432 344 3 8192 2.000000000 2
432 360 3 8192 2.000000000 2
432 368 3 8192 2.000000000 2
432 392 3 8192 2.000000000 2
432 644 3 8192 2.000000000 2
432 676 3 8192 2.000000000 2
432 852 3 8192 2.000000000 2
432 1028 3 8192 2.000000000 2
432 1064 3 8192 2.000000000 2
432 1148 3 8192 2.000000000 2
440 0 3 8192 2.000000000 2
440 20 3 8192 2.000000000 2
440 448 3 8192 2.000000000 2
440 468 3 8192 2.000000000 2
440 624 3 8192 2.000000000 2
440 1008 3 8192 2.000000000 2
440 1152 3 8192 2.000000000 2
440 1228 3 8192 2.000000000 2
444 144 3 8192 2.000000000 2
444 264 3 8192 2.000000000 2
444 368 3 8192 2.000000000 2
444 432 3 8192 2.000000000 2
444 704 3 8192 2.000000000 2
444 1156 3 8192 2.000000000 2
444 1184 3 8192 2.000000000 2
448 184 3 8192 2.000000000 2
448 212 3 8192 2.000000000 2
448 588 3 8192 2.000000000 2
448 632 3 8192 2.000000000 2
448 684 3 8192 2.000000000 2
448 988 3 8192 2.000000000 2
448 1068 3 8192 2.000000000 2
448 1136 3 8192 2.000000000 2
448 1188 3 8192 2.000000000 2
448 1272 3 8192 2.000000000 2
456 96 3 8192 2.000000000 2
456 156 3 8192 2.000000000 2
456 160 3 8192 2.000000000 2
456 276 3 8192 2.000000000 2
456 396 3 8192 2.000000000 2
456 444 3 8192 2.000000000 2
456 484 3 8192 2.000000000 2
456 516 3 8192 2.000000000 2
456 548 3 8192 2.000000000 2
456 904 3 8192 2.000000000 2
456 1096 3 8192 2.000000000 2
456 1168 3 8192 2.000000000 2
456 1272 3 8192 2.000000000 2
460 24 3 8192 2.000000000 2
460 48 3 8192 2.000000000 2
460 104 3 8192 2.000000000 2
460 124 3 8192 2.000000000 2
460 412 3 8192 2.000000000 2
460 444 3 8192 2.000000000 2
460 484 3 8192 2.000000000 2
460 488 3 8192 2.000000000 2
460 568 3 8192 2.000000000 2
460 600 3 8192 2.000000000 2
460 1008 3 8192 2.000000000 2
460 1148 3 8192 2.000000000 2
460 1216 3 8192 2.000000000 2
464 156 3 8192 2.000000000 2
464 160 3 8192 2.000000000 2
464 256 3 8192 2.000000000 2
464 428 3 8192 2.000000000 2
468 240 3 8192 2.000000000 2
468 476 3 8192 2.000000000 2
468 492 3 8192 2.000000000 2
468 512 3 8192 2.000000000 2
468 560 3 8192 2.000000000 2
468 600 3 8192 2.000000000 2
468 940 3 8192 2.000000000 2
468 1064 3 8192 2.000000000 2
468 1160 3 8192 2.000000000 2
472 20 3 8192 2.000000000 2
472 184 3 8192 2.000000000 2
472 244 3 8192 2.000000000 2
472 304 3 8192 2.000000000 2
472 364 3 8192 2.000000000 2
472 408 3 8192 2.000000000 2
472 512 3 8192 2.000000000 2
472 524 3 8192 2.000000000 2
472 632 3 8192 2.000000000 2
472 640 3 8192 2.000000000 2
472 984 3 8192 2.000000000 2
472 1048 3 8192 2.000000000 2
472 1212 3 8192 2.000000000 2
476 288 3 8192 2.000000000 2
476 428 3 8192 2.000000000 2
476 460 3 8192 2.000000000 2
476 552 3 8192 2.000000000 2
476 724 3 8192 2.000000000 2
476 756 3 8192 2.000000000 2
476 984 3 8192 2.000000000 2
476 1080 3 8192 2.000000000 2
476 1252 3 8192 2.000000000 2
480 68 3 8192 2.000000000 2
480 328 3 8192 2.000000000 2
480 408 3 8192 2.000000000 2
480 460 3 8192 2.000000000 2
480 508 3 8192 2.000000000 2
480 756 3 8192 2.000000000 2
480 880 3 8192 2.000000000 2
480 936 3 8192 2.000000000 2
480 1036 3 8192 2.000000000 2
480 1172 3 8192 2.000000000 2
484 12 3 8192 2.000000000 2
484 44 3 8192 2.000000000 2
484 68 3 8192 2.000000000 2
484 212 3 8192 2.000000000 2
484 312 3 8192 2.000000000 2
484 560 3 8192 2.000000000 2
484 700 3 8192 2.000000000 2
484 716 3 8192 2.000000000 2
484 940 3 8192 2.000000000 2
488 48 3 8192 2.000000000 2
488 100 3 8192 2.000000000 2
488 220 3 8192 2.000000000 2
488 228 3 8192 2.000000000 2
488 252 3 8192 2.000000000 2
488 320 3 8192 2.000000000 2
488 904 3 8192 2.000000000 2
488 940 3 8192 2.000000000 2
488 980 3 8192 2.000000000 2
488 1056 3 8192 2.000000000 2
488 1176 3 8192 2.000000000 2
492 60 3 8192 2.000000000 2
492 428 3 8192 2.000000000 2
492 808 3 8192 2.000000000 2
492 1020 3 8192 2.000000000 2
492 1076 3 8192 2.000000000 2
496 16 3 8192 2.000000000 2
496 164 3 8192 2.000000000 2
496 420 3 8192 2.000000000 2
496 580 3 8192 2.000000000 2
496 852 3 8192 2.000000000 2
496 1012 3 8192 2.000000000 2
496 1020 3 8192 2.000000000 2
496 1160 3 8192 2.000000000 2
500 48 3 8192 2.000000000 2
500 184 3 8192 2.000000000 2
500 260 3 8192 2.000000000 2
500 640 3 8192 2.000000000 2
500 792 3 8192 2.000000000 2
500 824 3 8192 2.000000000 2
504 24 3 8192 2.000000000 2
504 44 3 8192 2.000000000 2
504 64 3 8192 2.000000000 2
504 160 3 8192 2.000000000 2
504 300 3 8192 2.000000000 2
504 304 3 8192 2.000000000 2
504 732 3 8192 2.000000000 2
504 780 3 8192 2.000000000 2
504 1272 3 8192 2.000000000 2
508 48 3 8192 2.000000000 2
508 132 3 8192 2.000000000 2
508 324 3 8192 2.000000000 2
508 816 3 8192 2.000000000 2
508 1064 3 8192 2.000000000 2
508 1112 3 8192 2.000000000 2
508 1200 3 8192 2.000000000 2
512 92 3 8192 2.000000000 2
512 124 3 8192 2.000000000 2
512 288 3 8192 2.000000000 2
512 360 3 8192 2.000000000 2
512 520 3 8192 2.000000000 2
512 632 3 8192 2.000000000 2
512 652 3 8192 2.000000000 2
512 752 3 8192 2.000000000 2
512 928 3 8192 2.000000000 2
512 1148 3 8192 2.000000000 2
512 1176 3 8192 2.000000000 2
512 1204 3 8192 2.000000000 2
512 1252 3 8192 2.000000000 2
512 1260 3 8192 2.000000000 2
516 8 3 8192 2.000000000 2
516 200 3 8192 2.000000000 2
516 228 3 8192 2.000000000 2
516 328 3 8192 2.000000000 2
516 460 3 8192 2.000000000 2
516 848 3 8192 2.000000000 2
516 860 3 8192 2.000000000 2
516 868 3 8192 2.000000000 2
516 1004 3 8192 2.000000000 2
520 44 3 8192 2.000000000 2
520 644 3 8192 2.000000000 2
520 664 3 8192 2.000000000 2
520 816 3 8192 2.000000000 2
520 1128 3 8192 2.000000000 2
520 1264 3 8192 2.000000000 2
524 0 3 8192 2.000000000 2
524 76 3 8192 2.000000000 2
524 96 3 8192 2.000000000 2
524 236 3 8192 2.000000000 2
524 412 3 8192 2.000000000 2
524 428 3 8192 2.000000000 2
524 596 3 8192 2.000000000 2
524 684 3 8192 2.000000000 2
524 972 3 8192 2.000000000 2
524 1004 3 8192 2.000000000 2
524 1068 3 8192 2.000000000 2
524 1220 3 8192 2.000000000 2
524 1272 3 8192 2.000000000 2
528 184 3 8192 2.000000000 2
528 292 3 8192 2.000000000 2
528 316 3 8192 2.000000000 2
528 320 3 8192 2.000000000 2
528 712 3 8192 2.000000000 2
528 784 3 8192 2.000000000 2
528 1084 3 8192 2.000000000 2
528 1224 3 8192 2.000000000 2
532 48 3 8192 2.000000000 2
532 376 3 8192 2.000000000 2
532 668 3 8192 2.000000000 2
532 756 3 8192 2.000000000 2
532 920 3 8192 2.000000000 2
532 1020 3 8192 2.000000000 2
532 1100 3 8192 2.000000000 2
532 1136 3 8192 2.000000000 2
536 32 3 8192 2.000000000 2
536 68 3 8192 2.000000000 2
536 100 3 8192 2.000000000 2
536 124 3 8192 2.000000000 2
536 324 3 8192 2.000000000 2
536 732 3 8192 2.000000000 2
536 876 3 8192 2.000000000 2
536 904 3 8192 2.000000000 2
536 940 3 8192 2.000000000 2
536 988 3 8192 2.000000000 2
536 1056 3 8192 2.000000000 2
536 1156 3 8192 2.000000000 2
544 76 3 8192 2.000000000 2
544 84 3 8192 2.000000000 2
544 364 3 8192 2.000000000 2
544 412 3 8192 2.000000000 2
544 536 3 8192 2.000000000 2
544 692 3 8192 2.000000000 2
544 716 3 8192 2.000000000 2
544 752 3 8192 2.000000000 2
544 868 3 8192 2.000000000 2
544 1276 3 8192 2.000000000 2
548 76 3 8192 2.000000000 2
548 108 3 8192 2.000000000 2
548 148 3 8192 2.000000000 2
548 224 3 8192 2.000000000 2
548 560 3 8192 2.000000000 2
548 608 3 8192 2.000000000 2
548 832 3 8192 2.000000000 2
548 916 3 8192 2.000000000 2
548 940 3 8192 2.000000000 2
548 1136 3 8192 2.000000000 2
548 1188 3 8192 2.000000000 2
552 4 3 8192 2.000000000 2
552 60 3 8192 2.000000000 2
552 80 3 8192 2.000000000 2
552 120 3 8192 2.000000000 2
552 148 3 8192 2.000000000 2
552 300 3 8192 2.000000000 2
552 320 3 8192 2.000000000 2
552 424 3 8192 2.000000000 2
552 688 3 8192 2.000000000 2
552 728 3 8192 2.000000000 2
552 784 3 8192 2.000000000 2
552 1012 3 8192 2.000000000 2
552 1196 3 8192 2.000000000 2
552 1264 3 8192 2.000000000 2
556 180 3 8192 2.000000000 2
556 464 3 8192 2.000000000 2
556 536 3 8192 2.000000000 2
556 568 3 8192 2.000000000 2
556 644 3 8192 2.000000000 2
556 660 3 8192 2.000000000 2
556 800 3 8192 2.000000000 2
556 1024 3 8192 2.000000000 2
556 1100 3 8192 2.000000000 2
560 4 3 8192 2.000000000 2
560 312 3 8192 2.000000000 2
560 512 3 8192 2.000000000 2
560 524 3 8192 2.000000000 2
560 640 3 8192 2.000000000 2
560 960 3 8192 2.000000000 2
560 980 3 8192 2.000000000 2
560 1056 3 8192 2.000000000 2
560 1164 3 8192 2.000000000 2
568 96 3 8192 2.000000000 2
568 204 3 8192 2.000000000 2
568 292 3 8192 2.000000000 2
568 420 3 8192 2.000000000 2
568 644 3 8192 2.000000000 2
568 848 3 8192 2.000000000 2
568 912 3 8192 2.000000000 2
568 1096 3 8192 2.000000000 2
572 100 3 8192 2.000000000 2
572 132 3 8192 2.000000000 2
572 420 3 8192 2.000000000 2
572 704 3 8192 2.000000000 2
572 920 3 8192 2.000000000 2
572 1216 3 8192 2.000000000 2
572 1252 3 8192 2.000000000 2
580 88 3 8192 2.000000000 2
580 212 3 8192 2.000000000 2
580 296 3 8192 2.000000000 2
580 412 3 8192 2.000000000 2
580 456 3 8192 2.000000000 2
580 496 3 8192 2.000000000 2
580 676 3 8192 2.000000000 2
580 700 3 8192 2.000000000 2
580 704 3 8192 2.000000000 2
580 808 3 8192 2.000000000 2
580 988 3 8192 2.000000000 2
580 996 3 8192 2.000000000 2
588 172 3 8192 2.000000000 2
588 348 3 8192 2.000000000 2
588 360 3 8192 2.000000000 2
588 472 3 8192 2.000000000 2
588 536 3 8192 2.000000000 2
588 644 3 8192 2.000000000 2
588 668 3 8192 2.000000000 2
588 792 3 8192 2.000000000 2
588 816 3 8192 2.000000000 2
588 1052 3 8192 2.000000000 2
592 16 3 8192 2.000000000 2
592 148 3 8192 2.000000000 2
592 180 3 8192 2.000000000 2
592 304 3 8192 2.000000000 2
592 368 3 8192 2.000000000 2
592 508 3 8192 2.000000000 2
592 616 3 8192 2.000000000 2
592 1092 3 8192 2.000000000 2
592 1128 3 8192 2.000000000 2
596 60 3 8192 2.000000000 2
596 272 3 8192 2.000000000 2
596 300 3 8192 2.000000000 2
596 364 3 8192 2.000000000 2
596 524 3 8192 2.000000000 2
596 560 3 8192 2.000000000 2
596 592 3 8192 2.000000000 2
596 780 3 8192 2.000000000 2
596 900 3 8192 2.000000000 2
596 1220 3 8192 2.000000000 2
600 20 3 8192 2.000000000 2
600 216 3 8192 2.000000000 2
600 368 3 8192 2.000000000 2
600 500 3 8192 2.000000000 2
600 912 3 8192 2.000000000 2
600 1228 3 8192 2.000000000 2
604 144 3 8192 2.000000000 2
604 224 3 8192 2.000000000 2
604 280 3 8192 2.000000000 2
604 320 3 8192 2.000000000 2
604 464 3 8192 2.000000000 2
604 500 3 8192 2.000000000 2
604 520 3 8192 2.000000000 2
604 524 3 8192 2.000000000 2
604 548 3 8192 2.000000000 2
604 688 3 8192 2.000000000 2
604 960 3 8192 2.000000000 2
604 968 3 8192 2.000000000 2
604 1024 3 8192 2.000000000 2
604 1112 3 8192 2.000000000 2
608 364 3 8192 2.000000000 2
608 672 3 8192 2.000000000 2
608 728 3 8192 2.000000000 2
608 1084 3 8192 2.000000000 2
616 12 3 8192 2.000000000 2
616 368 3 8192 2.000000000 2
616 428 3 8192 2.000000000 2
616 448 3 8192 2.000000000 2
616 464 3 8192 2.000000000 2
616 524 3 8192 2.000000000 2
616 688 3 8192 2.000000000 2
616 792 3 8192 2.000000000 2
616 900 3 8192 2.000000000 2
616 980 3 8192 2.000000000 2
616 1028 3 8192 2.000000000 2
616 1076 3 8192 2.000000000 2
616 1152 3 8192 2.000000000 2
616 1204 3 8192 2.000000000 2
624 60 3 8192 2.000000000 2
624 104 3 8192 2.000000000 2
624 116 3 8192 2.000000000 2
624 160 3 8192 2.000000000 2
624 412 3 8192 2.000000000 2
624 560 3 8192 2.000000000 2
624 580 3 8192 2.000000000 2
624 632 3 8192 2.000000000 2
624 996 3 8192 2.000000000 2
624 1152 3 8192 2.000000000 2
632 100 3 8192 2.000000000 2
632 196 3 8192 2.000000000 2
632 408 3 8192 2.000000000 2
632 496 3 8192 2.000000000 2
632 508 3 8192 2.000000000 2
632 816 3 8192 2.000000000 2
632 864 3 8192 2.000000000 2
632 912 3 8192 2.000000000 2
632 1008 3 8192 2.000000000 2
632 1188 3 8192 2.000000000 2
640 72 3 8192 2.000000000 2
640 108 3 8192 2.000000000 2
640 208 3 8192 2.000000000 2
640 280 3 8192 2.000000000 2
640 696 3 8192 2.000000000 2
640 768 3 8192 2.000000000 2
640 912 3 8192 2.000000000 2
644 296 3 8192 2.000000000 2
644 744 3 8192 2.000000000 2
644 780 3 8192 2.000000000 2
644 784 3 8192 2.000000000 2
644 884 3 8192 2.000000000 2
644 920 3 8192 2.000000000 2
644 1032 3 8192 2.000000000 2
644 1036 3 8192 2.000000000 2
644 1152 3 8192 2.000000000 2
644 1200 3 8192 2.000000000 2
652 76 3 8192 2.000000000 2
652 144 3 8192 2.000000000 2
652 152 3 8192 2.000000000 2
652 180 3 8192 2.000000000 2
652 244 3 8192 2.000000000 2
652 580 3 8192 2.000000000 2
652 604 3 8192 2.000000000 2
652 700 3 8192 2.000000000 2
652 732 3 8192 2.000000000 2
652 836 3 8192 2.000000000 2
652 996 3 8192 2.000000000 2
652 1068 3 8192 2.000000000 2
652 1228 3 8192 2.000000000 2
660 92 3 8192 2.000000000 2
660 156 3 8192 2.000000000 2
660 228 3 8192 2.000000000 2
660 528 3 8192 2.000000000 2
660 548 3 8192 2.000000000 2
660 724 3 8192 2.000000000 2
660 1088 3 8192 2.000000000 2
660 1112 3 8192 2.000000000 2
660 1188 3 8192 2.000000000 2
664 32 3 8192 2.000000000 2
664 184 3 8192 2.000000000 2
664 244 3 8192 2.000000000 2
664 260 3 8192 2.000000000 2
664 272 3 8192 2.000000000 2
664 280 3 8192 2.000000000 2
664 428 3 8192 2.000000000 2
664 464 3 8192 2.000000000 2
664 800 3 8192 2.000000000 2
664 1080 3 8192 2.000000000 2
664 1104 3 8192 2.000000000 2
664 1172 3 8192 2.000000000 2
664 1236 3 8192 2.000000000 2
668 196 3 8192 2.000000000 2
668 276 3 8192 2.000000000 2
668 408 3 8192 2.000000000 2
668 616 3 8192 2.000000000 2
668 676 3 8192 2.000000000 2
668 736 3 8192 2.000000000 2
668 784 3 8192 2.000000000 2
668 928 3 8192 2.000000000 2
668 1060 3 8192 2.000000000 2
668 1148 3 8192 2.000000000 2
668 1232 3 8192 2.000000000 2
668 1236 3 8192 2.000000000 2
672 184 3 8192 2.000000000 2
672 392 3 8192 2.000000000 2
672 412 3 8192 2.000000000 2
672 480 3 8192 2.000000000 2
672 608 3 8192 2.000000000 2
672 732 3 8192 2.000000000 2
672 1096 3 8192 2.000000000 2
672 1188 3 8192 2.000000000 2
676 488 3 8192 2.000000000 2
676 508 3 8192 2.000000000 2
676 768 3 8192 2.000000000 2
676 968 3 8192 2.000000000 2
676 1004 3 8192 2.000000000 2
676 1084 3 8192 2.000000000 2
684 32 3 8192 2.000000000 2
684 324 3 8192 2.000000000 2
684 396 3 8192 2.000000000 2
684 456 3 8192 2.000000000 2
684 548 3 8192 2.000000000 2
684 1256 3 8192 2.000000000 2
688 152 3 8192 2.000000000 2
688 236 3 8192 2.000000000 2
688 360 3 8192 2.000000000 2
688 444 3 8192 2.000000000 2
688 520 3 8192 2.000000000 2
688 804 3 8192 2.000000000 2
688 900 3 8192 2.000000000 2
688 1096 3 8192 2.000000000 2
688 1192 3 8192 2.000000000 2
688 1228 3 8192 2.000000000 2
688 1232 3 8192 2.000000000 2
692 120 3 8192 2.000000000 2
692 344 3 8192 2.000000000 2
692 684 3 8192 2.000000000 2
692 756 3 8192 2.000000000 2
692 784 3 8192 2.000000000 2
692 912 3 8192 2.000000000 2
692 1004 3 8192 2.000000000 2
692 1084 3 8192 2.000000000 2
692 1096 3 8192 2.000000000 2
696 292 3 8192 2.000000000 2
696 832 3 8192 2.000000000 2
696 996 3 8192 2.000000000 2
700 0 3 8192 2.000000000 2
700 8 3 8192 2.000000000 2
700 52 3 8192 2.000000000 2
700 148 3 8192 2.000000000 2
700 492 3 8192 2.000000000 2
700 508 3 8192 2.000000000 2
700 528 3 8192 2.000000000 2
700 664 3 8192 2.000000000 2
704 264 3 8192 2.000000000 2
704 428 3 8192 2.000000000 2
704 668 3 8192 2.000000000 2
704 792 3 8192 2.000000000 2
704 1008 3 8192 2.000000000 2
704 1240 3 8192 2.000000000 2
704 1252 3 8192 2.000000000 2
708 144 3 8192 2.000000000 2
708 184 3 8192 2.000000000 2
708 240 3 8192 2.000000000 2
708 544 3 8192 2.000000000 2
708 704 3 8192 2.000000000 2
708 724 3 8192 2.000000000 2
708 1152 3 8192 2.000000000 2
708 1204 3 8192 2.000000000 2
708 1244 3 8192 2.000000000 2
712 32 3 8192 2.000000000 2
712 64 3 8192 2.000000000 2
712 68 3 8192 2.000000000 2
712 76 3 8192 2.000000000 2
712 460 3 8192 2.000000000 2
712 1104 3 8192 2.000000000 2
716 172 3 8192 2.000000000 2
716 224 3 8192 2.000000000 2
716 268 3 8192 2.000000000 2
716 312 3 8192 2.000000000 2
716 392 3 8192 2.000000000 2
716 532 3 8192 2.000000000 2
716 556 3 8192 2.000000000 2
716 912 3 8192 2.000000000 2
716 1132 3 8192 2.000000000 2
716 1240 3 8192 2.000000000 2
716 1256 3 8192 2.000000000 2
724 76 3 8192 2.000000000 2
724 408 3 8192 2.000000000 2
724 412 3 8192 2.000000000 2
724 468 3 8192 2.000000000 2
724 472 3 8192 2.000000000 2
724 568 3 8192 2.000000000 2
724 644 3 8192 2.000000000 2
724 816 3 8192 2.000000000 2
724 876 3 8192 2.000000000 2
724 964 3 8192 2.000000000 2
724 1160 3 8192 2.000000000 2
728 32 3 8192 2.000000000 2
728 104 3 8192 2.000000000 2
728 156 3 8192 2.000000000 2
728 444 3 8192 2.000000000 2
728 492 3 8192 2.000000000 2
728 820 3 8192 2.000000000 2
728 864 3 8192 2.000000000 2
728 1052 3 8192 2.000000000 2
728 1100 3 8192 2.000000000 2
732 44 3 8192 2.000000000 2
732 100 3 8192 2.000000000 2
732 256 3 8192 2.000000000 2
732 616 3 8192 2.000000000 2
732 704 3 8192 2.000000000 2
732 780 3 8192 2.000000000 2
732 964 3 8192 2.000000000 2
736 12 3 8192 2.000000000 2
736 72 3 8192 2.000000000 2
736 204 3 8192 2.000000000 2
736 300 3 8192 2.000000000 2
736 532 3 8192 2.000000000 2
736 676 3 8192 2.000000000 2
736 1080 3 8192 2.000000000 2
744 76 3 8192 2.000000000 2
744 80 3 8192 2.000000000 2
744 136 3 8192 2.000000000 2
744 232 3 8192 2.000000000 2
744 300 3 8192 2.000000000 2
744 348 3 8192 2.000000000 2
744 552 3 8192 2.000000000 2
744 980 3 8192 2.000000000 2
744 1020 3 8192 2.000000000 2
744 1100 3 8192 2.000000000 2
744 1192 3 8192 2.000000000 2
752 88 3 8192 2.000000000 2
752 108 3 8192 2.000000000 2
752 204 3 8192 2.000000000 2
752 208 3 8192 2.000000000 2
752 296 3 8192 2.000000000 2
752 320 3 8192 2.000000000 2
752 348 3 8192 2.000000000 2
752 456 3 8192 2.000000000 2
752 488 3 8192 2.000000000 2
752 688 3 8192 2.000000000 2
756 184 3 8192 2.000000000 2
756 376 3 8192 2.000000000 2
756 616 3 8192 2.000000000 2
756 1028 3 8192 2.000000000 2
756 1152 3 8192 2.000000000 2
760 124 3 8192 2.000000000 2
760 220 3 8192 2.000000000 2
760 360 3 8192 2.000000000 2
760 480 3 8192 2.000000000 2
760 804 3 8192 2.000000000 2
760 808 3 8192 2.000000000 2
760 1224 3 8192 2.000000000 2
768 8 3 8192 2.000000000 2
768 108 3 8192 2.000000000 2
768 184 3 8192 2.000000000 2
768 320 3 8192 2.000000000 2
768 412 3 8192 2.000000000 2
768 672 3 8192 2.000000000 2
768 872 3 8192 2.000000000 2
768 1148 3 8192 2.000000000 2
780 352 3 8192 2.000000000 2
780 392 3 8192 2.000000000 2
780 420 3 8192 2.000000000 2
780 432 3 8192 2.000000000 2
780 840 3 8192 2.000000000 2
780 916 3 8192 2.000000000 2
780 1140 3 8192 2.000000000 2
780 1232 3 8192 2.000000000 2
784 92 3 8192 2.000000000 2
784 180 3 8192 2.000000000 2
784 264 3 8192 2.000000000 2
784 864 3 8192 2.000000000 2
784 1036 3 8192 2.000000000 2
784 1120 3 8192 2.000000000 2
792 208 3 8192 2.000000000 2
792 240 3 8192 2.000000000 2
792 556 3 8192 2.000000000 2
792 708 3 8192 2.000000000 2
792 780 3 8192 2.000000000 2
792 848 3 8192 2.000000000 2
796 316 3 8192 2.000000000 2
796 352 3 8192 2.000000000 2
796 364 3 8192 2.000000000 2
796 512 3 8192 2.000000000 2
796 668 3 8192 2.000000000 2
796 948 3 8192 2.000000000 2
796 1200 3 8192 2.000000000 2
796 1212 3 8192 2.000000000 2
796 1272 3 8192 2.000000000 2
796 1276 3 8192 2.000000000 2
800 24 3 8192 2.000000000 2
800 80 3 8192 2.000000000 2
800 120 3 8192 2.000000000 2
800 292 3 8192 2.000000000 2
800 364 3 8192 2.000000000 2
800 376 3 8192 2.000000000 2
800 520 3 8192 2.000000000 2
800 524 3 8192 2.000000000 2
800 580 3 8192 2.000000000 2
800 820 3 8192 2.000000000 2
800 1072 3 8192 2.000000000 2
804 448 3 8192 2.000000000 2
804 500 3 8192 2.000000000 2
804 604 3 8192 2.000000000 2
804 644 3 8192 2.000000000 2
804 660 3 8192 2.000000000 2
804 692 3 8192 2.000000000 2
804 696 3 8192 2.000000000 2
804 780 3 8192 2.000000000 2
804 972 3 8192 2.000000000 2
804 1084 3 8192 2.000000000 2
804 1276 3 8192 2.000000000 2
808 4 3 8192 2.000000000 2
808 268 3 8192 2.000000000 2
808 344 3 8192 2.000000000 2
808 472 3 8192 2.000000000 2
808 484 3 8192 2.000000000 2
808 716 3 8192 2.000000000 2
808 732 3 8192 2.000000000 2
808 948 3 8192 2.000000000 2
812 44 3 8192 2.000000000 2
812 552 3 8192 2.000000000 2
812 572 3 8192 2.000000000 2
812 860 3 8192 2.000000000 2
812 876 3 8192 2.000000000 2
812 984 3 8192 2.000000000 2
816 264 3 8192 2.000000000 2
816 268 3 8192 2.000000000 2
816 704 3 8192 2.000000000 2
816 820 3 8192 2.000000000 2
816 1132 3 8192 2.000000000 2
820 280 3 8192 2.000000000 2
820 760 3 8192 2.000000000 2
820 1032 3 8192 2.000000000 2
824 252 3 8192 2.000000000 2
824 360 3 8192 2.000000000 2
824 480 3 8192 2.000000000 2
824 1272 3 8192 2.000000000 2
832 120 3 8192 2.000000000 2
832 208 3 8192 2.000000000 2
832 272 3 8192 2.000000000 2
832 368 3 8192 2.000000000 2
832 724 3 8192 2.000000000 2
832 980 3 8192 2.000000000 2
832 1024 3 8192 2.000000000 2
832 1136 3 8192 2.000000000 2
836 108 3 8192 2.000000000 2
836 304 3 8192 2.000000000 2
836 872 3 8192 2.000000000 2
836 900 3 8192 2.000000000 2
836 1120 3 8192 2.000000000 2
840 68 3 8192 2.000000000 2
840 328 3 8192 2.000000000 2
840 392 3 8192 2.000000000 2
840 444 3 8192 2.000000000 2
840 796 3 8192 2.000000000 2
840 836 3 8192 2.000000000 2
840 1048 3 8192 2.000000000 2
840 1172 3 8192 2.000000000 2
848 300 3 8192 2.000000000 2
848 484 3 8192 2.000000000 2
848 508 3 8192 2.000000000 2
848 684 3 8192 2.000000000 2
848 964 3 8192 2.000000000 2
848 1156 3 8192 2.000000000 2
848 1272 3 8192 2.000000000 2
852 164 3 8192 2.000000000 2
852 256 3 8192 2.000000000 2
852 552 3 8192 2.000000000 2
852 644 3 8192 2.000000000 2
852 744 3 8192 2.000000000 2
852 896 3 8192 2.000000000 2
852 1060 3 8192 2.000000000 2
852 1096 3 8192 2.000000000 2
852 1136 3 8192 2.000000000 2
852 1172 3 8192 2.000000000 2
852 1264 3 8192 2.000000000 2
860 68 3 8192 2.000000000 2
860 72 3 8192 2.000000000 2
860 148 3 8192 2.000000000 2
860 152 3 8192 2.000000000 2
860 156 3 8192 2.000000000 2
860 240 3 8192 2.000000000 2
860 320 3 8192 2.000000000 2
860 524 3 8192 2.000000000 2
860 556 3 8192 2.000000000 2
860 596 3 8192 2.000000000 2
860 808 3 8192 2.000000000 2
860 964 3 8192 2.000000000 2
860 1012 3 8192 2.000000000 2
860 1064 3 8192 2.000000000 2
864 232 3 8192 2.000000000 2
864 348 3 8192 2.000000000 2
864 488 3 8192 2.000000000 2
864 624 3 8192 2.000000000 2
864 840 3 8192 2.000000000 2
864 920 3 8192 2.000000000 2
864 944 3 8192 2.000000000 2
868 8 3 8192 2.000000000 2
868 376 3 8192 2.000000000 2
868 444 3 8192 2.000000000 2
868 464 3 8192 2.000000000 2
868 876 3 8192 2.000000000 2
868 940 3 8192 2.000000000 2
868 996 3 8192 2.000000000 2
868 1164 3 8192 2.000000000 2
868 1188 3 8192 2.000000000 2
868 1192 3 8192 2.000000000 2
868 1220 3 8192 2.000000000 2
868 1228 3 8192 2.000000000 2
868 1236 3 8192 2.000000000 2
872 216 3 8192 2.000000000 2
872 268 3 8192 2.000000000 2
872 888 3 8192 2.000000000 2
872 904 3 8192 2.000000000 2
872 1004 3 8192 2.000000000 2
876 184 3 8192 2.000000000 2
876 328 3 8192 2.000000000 2
876 492 3 8192 2.000000000 2
876 864 3 8192 2.000000000 2
876 1024 3 8192 2.000000000 2
876 1032 3 8192 2.000000000 2
876 1224 3 8192 2.000000000 2
880 292 3 8192 2.000000000 2
880 548 3 8192 2.000000000 2
880 796 3 8192 2.000000000 2
880 1216 3 8192 2.000000000 2
884 44 3 8192 2.000000000 2
884 320 3 8192 2.000000000 2
884 364 3 8192 2.000000000 2
884 548 3 8192 2.000000000 2
884 848 3 8192 2.000000000 2
884 852 3 8192 2.000000000 2
884 1076 3 8192 2.000000000 2
884 1096 3 8192 2.000000000 2
888 412 3 8192 2.000000000 2
888 520 3 8192 2.000000000 2
888 644 3 8192 2.000000000 2
888 704 3 8192 2.000000000 2
888 948 3 8192 2.000000000 2
888 972 3 8192 2.000000000 2
888 984 3 8192 2.000000000 2
888 1004 3 8192 2.000000000 2
888 1068 3 8192 2.000000000 2
888 1092 3 8192 2.000000000 2
888 1148 3 8192 2.000000000 2
888 1200 3 8192 2.000000000 2
892 92 3 8192 2.000000000 2
892 124 3 8192 2.000000000 2
892 276 3 8192 2.000000000 2
892 444 3 8192 2.000000000 2
892 624 3 8192 2.000000000 2
892 716 3 8192 2.000000000 2
892 784 3 8192 2.000000000 2
892 820 3 8192 2.000000000 2
892 836 3 8192 2.000000000 2
892 872 3 8192 2.000000000 2
892 1224 3 8192 2.000000000 2
892 1240 3 8192 2.000000000 2
896 216 3 8192 2.000000000 2
896 344 3 8192 2.000000000 2
896 412 3 8192 2.000000000 2
896 676 3 8192 2.000000000 2
896 716 3 8192 2.000000000 2
896 792 3 8192 2.000000000 2
896 980 3 8192 2.000000000 2
896 1004 3 8192 2.000000000 2
900 196 3 8192 2.000000000 2
900 328 3 8192 2.000000000 2
900 392 3 8192 2.000000000 2
900 544 3 8192 2.000000000 2
900 980 3 8192 2.000000000 2
900 1032 3 8192 2.000000000 2
900 1100 3 8192 2.000000000 2
900 1160 3 8192 2.000000000 2
900 1172 3 8192 2.000000000 2
900 1252 3 8192 2.000000000 2
904 116 3 8192 2.000000000 2
904 448 3 8192 2.000000000 2
904 484 3 8192 2.000000000 2
904 568 3 8192 2.000000000 2
904 616 3 8192 2.000000000 2
904 640 3 8192 2.000000000 2
904 1052 3 8192 2.000000000 2
912 72 3 8192 2.000000000 2
912 148 3 8192 2.000000000 2
912 448 3 8192 2.000000000 2
912 468 3 8192 2.000000000 2
912 696 3 8192 2.000000000 2
912 780 3 8192 2.000000000 2
912 832 3 8192 2.000000000 2
912 936 3 8192 2.000000000 2
912 1120 3 8192 2.000000000 2
912 1204 3 8192 2.000000000 2
916 100 3 8192 2.000000000 2
916 236 3 8192 2.000000000 2
916 316 3 8192 2.000000000 2
916 368 3 8192 2.000000000 2
916 1068 3 8192 2.000000000 2
916 1152 3 8192 2.000000000 2
916 1236 3 8192 2.000000000 2
916 1264 3 8192 2.000000000 2
920 320 3 8192 2.000000000 2
920 524 3 8192 2.000000000 2
920 532 3 8192 2.000000000 2
920 688 3 8192 2.000000000 2
920 784 3 8192 2.000000000 2
920 872 3 8192 2.000000000 2
920 884 3 8192 2.000000000 2
928 304 3 8192 2.000000000 2
928 424 3 8192 2.000000000 2
928 660 3 8192 2.000000000 2
928 712 3 8192 2.000000000 2
928 880 3 8192 2.000000000 2
928 912 3 8192 2.000000000 2
928 940 3 8192 2.000000000 2
928 996 3 8192 2.000000000 2
928 1152 3 8192 2.000000000 2
936 80 3 8192 2.000000000 2
936 200 3 8192 2.000000000 2
936 268 3 8192 2.000000000 2
936 592 3 8192 2.000000000 2
936 600 3 8192 2.000000000 2
936 616 3 8192 2.000000000 2
936 752 3 8192 2.000000000 2
936 1128 3 8192 2.000000000 2
936 1152 3 8192 2.000000000 2
936 1224 3 8192 2.000000000 2
940 144 3 8192 2.000000000 2
940 204 3 8192 2.000000000 2
940 212 3 8192 2.000000000 2
940 448 3 8192 2.000000000 2
940 496 3 8192 2.000000000 2
940 516 3 8192 2.000000000 2
940 1060 3 8192 2.000000000 2
940 1276 3 8192 2.000000000 2
944 536 3 8192 2.000000000 2
944 904 3 8192 2.000000000 2
944 920 3 8192 2.000000000 2
944 1032 3 8192 2.000000000 2
948 20 3 8192 2.000000000 2
948 272 3 8192 2.000000000 2
948 324 3 8192 2.000000000 2
948 560 3 8192 2.000000000 2
948 768 3 8192 2.000000000 2
948 796 3 8192 2.000000000 2
948 1004 3 8192 2.000000000 2
948 1240 3 8192 2.000000000 2
960 324 3 8192 2.000000000 2
960 376 3 8192 2.000000000 2
960 536 3 8192 2.000000000 2
960 948 3 8192 2.000000000 2
960 1148 3 8192 2.000000000 2
964 252 3 8192 2.000000000 2
964 532 3 8192 2.000000000 2
964 632 3 8192 2.000000000 2
964 716 3 8192 2.000000000 2
964 972 3 8192 2.000000000 2
964 1172 3 8192 2.000000000 2
968 236 3 8192 2.000000000 2
968 300 3 8192 2.000000000 2
968 304 3 8192 2.000000000 2
968 896 3 8192 2.000000000 2
968 1060 3 8192 2.000000000 2
968 1164 3 8192 2.000000000 2
968 1244 3 8192 2.000000000 2
968 1272 3 8192 2.000000000 2
972 316 3 8192 2.000000000 2
972 704 3 8192 2.000000000 2
972 900 3 8192 2.000000000 2
972 1012 3 8192 2.000000000 2
972 1080 3 8192 2.000000000 2
972 1096 3 8192 2.000000000 2
972 1188 3 8192 2.000000000 2
972 1228 3 8192 2.000000000 2
980 16 3 8192 2.000000000 2
980 376 3 8192 2.000000000 2
980 480 3 8192 2.000000000 2
980 500 3 8192 2.000000000 2
980 716 3 8192 2.000000000 2
980 896 3 8192 2.000000000 2
980 936 3 8192 2.000000000 2
980 1024 3 8192 2.000000000 2
984 92 3 8192 2.000000000 2
984 132 3 8192 2.000000000 2
984 384 3 8192 2.000000000 2
984 632 3 8192 2.000000000 2
984 752 3 8192 2.000000000 2
984 796 3 8192 2.000000000 2
984 1032 3 8192 2.000000000 2
988 64 3 8192 2.000000000 2
988 180 3 8192 2.000000000 2
988 364 3 8192 2.000000000 2
988 504 3 8192 2.000000000 2
988 608 3 8192 2.000000000 2
988 1200 3 8192 2.000000000 2
988 1252 3 8192 2.000000000 2
988 1264 3 8192 2.000000000 2
996 292 3 8192 2.000000000 2
996 428 3 8192 2.000000000 2
996 520 3 8192 2.000000000 2
996 660 3 8192 2.000000000 2
996 708 3 8192 2.000000000 2
996 768 3 8192 2.000000000 2
996 784 3 8192 2.000000000 2
996 1264 3 8192 2.000000000 2
1004 216 3 8192 2.000000000 2
1004 240 3 8192 2.000000000 2
1004 420 3 8192 2.000000000 2
1004 460 3 8192 2.000000000 2
1004 464 3 8192 2.000000000 2
1004 492 3 8192 2.000000000 2
1004 640 3 8192 2.000000000 2
1004 704 3 8192 2.000000000 2
1004 940 3 8192 2.000000000 2
1004 1244 3 8192 2.000000000 2
1004 1276 3 8192 2.000000000 2
1008 172 3 8192 2.000000000 2
1008 488 3 8192 2.000000000 2
1008 580 3 8192 2.000000000 2
1008 624 3 8192 2.000000000 2
1008 688 3 8192 2.000000000 2
1008 876 3 8192 2.000000000 2
1008 948 3 8192 2.000000000 2
1008 988 3 8192 2.000000000 2
1008 1052 3 8192 2.000000000 2
1012 184 3 8192 2.000000000 2
1012 196 3 8192 2.000000000 2
1012 252 3 8192 2.000000000 2
1012 292 3 8192 2.000000000 2
1012 476 3 8192 2.000000000 2
1012 912 3 8192 2.000000000 2
1012 1092 3 8192 2.000000000 2
1012 1168 3 8192 2.000000000 2
1020 32 3 8192 2.000000000 2
1020 68 3 8192 2.000000000 2
1020 292 3 8192 2.000000000 2
1020 532 3 8192 2.000000000 2
1020 592 3 8192 2.000000000 2
1020 616 3 8192 2.000000000 2
1020 840 3 8192 2.000000000 2
1020 896 3 8192 2.000000000 2
1020 968 3 8192 2.000000000 2
1020 1096 3 8192 2.000000000 2
1020 1132 3 8192 2.000000000 2
1020 1196 3 8192 2.000000000 2
1024 264 3 8192 2.000000000 2
1024 324 3 8192 2.000000000 2
1024 360 3 8192 2.000000000 2
1024 640 3 8192 2.000000000 2
1024 916 3 8192 2.000000000 2
1024 1164 3 8192 2.000000000 2
1028 84 3 8192 2.000000000 2
1028 232 3 8192 2.000000000 2
1028 256 3 8192 2.000000000 2
1028 476 3 8192 2.000000000 2
1028 536 3 8192 2.000000000 2
1028 708 3 8192 2.000000000 2
1028 784 3 8192 2.000000000 2
1028 920 3 8192 2.000000000 2
1028 1156 3 8192 2.000000000 2
1028 1176 3 8192 2.000000000 2
1032 52 3 8192 2.000000000 2
1032 100 3 8192 2.000000000 2
1032 292 3 8192 2.000000000 2
1032 516 3 8192 2.000000000 2
1032 1024 3 8192 2.000000000 2
1032 1184 3 8192 2.000000000 2
1032 1228 3 8192 2.000000000 2
1036 240 3 8192 2.000000000 2
1036 684 3 8192 2.000000000 2
1036 752 3 8192 2.000000000 2
1036 804 3 8192 2.000000000 2
1036 848 3 8192 2.000000000 2
1036 1148 3 8192 2.000000000 2
1048 24 3 8192 2.000000000 2
1048 32 3 8192 2.000000000 2
1048 96 3 8192 2.000000000 2
1048 120 3 8192 2.000000000 2
1048 348 3 8192 2.000000000 2
1048 532 3 8192 2.000000000 2
1048 580 3 8192 2.000000000 2
1048 696 3 8192 2.000000000 2
1048 892 3 8192 2.000000000 2
1048 1140 3 8192 2.000000000 2
1048 1184 3 8192 2.000000000 2
1048 1220 3 8192 2.000000000 2
1048 1224 3 8192 2.000000000 2
1048 1276 3 8192 2.000000000 2
1052 8 3 8192 2.000000000 2
1052 544 3 8192 2.000000000 2
1052 696 3 8192 2.000000000 2
1052 1028 3 8192 2.000000000 2
1052 1076 3 8192 2.000000000 2
1052 1156 3 8192 2.000000000 2
1052 1172 3 8192 2.000000000 2
1056 304 3 8192 2.000000000 2
1056 440 3 8192 2.000000000 2
1056 660 3 8192 2.000000000 2
1056 860 3 8192 2.000000000 2
1056 864 3 8192 2.000000000 2
1056 1052 3 8192 2.000000000 2
1056 1220 3 8192 2.000000000 2
1056 1264 3 8192 2.000000000 2
1060 72 3 8192 2.000000000 2
1060 164 3 8192 2.000000000 2
1060 428 3 8192 2.000000000 2
1060 544 3 8192 2.000000000 2
1060 596 3 8192 2.000000000 2
1060 988 3 8192 2.000000000 2
1064 204 3 8192 2.000000000 2
1064 296 3 8192 2.000000000 2
1064 360 3 8192 2.000000000 2
1064 524 3 8192 2.000000000 2
1064 560 3 8192 2.000000000 2
1064 596 3 8192 2.000000000 2
1064 792 3 8192 2.000000000 2
1064 860 3 8192 2.000000000 2
1064 1072 3 8192 2.000000000 2
1064 1136 3 8192 2.000000000 2
1068 64 3 8192 2.000000000 2
1068 216 3 8192 2.000000000 2
1068 328 3 8192 2.000000000 2
1068 504 3 8192 2.000000000 2
1068 560 3 8192 2.000000000 2
1068 596 3 8192 2.000000000 2
1068 668 3 8192 2.000000000 2
1068 732 3 8192 2.000000000 2
1068 780 3 8192 2.000000000 2
1068 808 3 8192 2.000000000 2
1068 912 3 8192 2.000000000 2
1068 1100 3 8192 2.000000000 2
1068 1140 3 8192 2.000000000 2
1068 1152 3 8192 2.000000000 2
1072 92 3 8192 2.000000000 2
1072 164 3 8192 2.000000000 2
1072 180 3 8192 2.000000000 2
1072 212 3 8192 2.000000000 2
1072 272 3 8192 2.000000000 2
1072 528 3 8192 2.000000000 2
1072 568 3 8192 2.000000000 2
1072 676 3 8192 2.000000000 2
1072 708 3 8192 2.000000000 2
1072 820 3 8192 2.000000000 2
1072 948 3 8192 2.000000000 2
1072 1036 3 8192 2.000000000 2
1072 1156 3 8192 2.000000000 2
1072 1204 3 8192 2.000000000 2
1072 1232 3 8192 2.000000000 2
1076 96 3 8192 2.000000000 2
1076 132 3 8192 2.000000000 2
1076 252 3 8192 2.000000000 2
1076 500 3 8192 2.000000000 2
1076 580 3 8192 2.000000000 2
1076 760 3 8192 2.000000000 2
1076 780 3 8192 2.000000000 2
1076 896 3 8192 2.000000000 2
1076 1060 3 8192 2.000000000 2
1076 1080 3 8192 2.000000000 2
1076 1104 3 8192 2.000000000 2
1080 204 3 8192 2.000000000 2
1080 260 3 8192 2.000000000 2
1080 660 3 8192 2.000000000 2
1080 696 3 8192 2.000000000 2
1080 780 3 8192 2.000000000 2
1080 988 3 8192 2.000000000 2
1080 1172 3 8192 2.000000000 2
1080 1192 3 8192 2.000000000 2
1084 220 3 8192 2.000000000 2
1084 316 3 8192 2.000000000 2
1084 364 3 8192 2.000000000 2
1084 384 3 8192 2.000000000 2
1084 664 3 8192 2.000000000 2
1084 988 3 8192 2.000000000 2
1084 1156 3 8192 2.000000000 2
1084 1232 3 8192 2.000000000 2
1084 1272 3 8192 2.000000000 2
1088 44 3 8192 2.000000000 2
1088 104 3 8192 2.000000000 2
1088 124 3 8192 2.000000000 2
1088 220 3 8192 2.000000000 2
1088 256 3 8192 2.000000000 2
1088 600 3 8192 2.000000000 2
1088 716 3 8192 2.000000000 2
1088 804 3 8192 2.000000000 2
1088 860 3 8192 2.000000000 2
1088 888 3 8192 2.000000000 2
1088 1128 3 8192 2.000000000 2
1092 20 3 8192 2.000000000 2
1092 160 3 8192 2.000000000 2
1092 216 3 8192 2.000000000 2
1092 244 3 8192 2.000000000 2
1092 252 3 8192 2.000000000 2
1092 368 3 8192 2.000000000 2
1092 488 3 8192 2.000000000 2
1092 528 3 8192 2.000000000 2
1092 1048 3 8192 2.000000000 2
1092 1068 3 8192 2.000000000 2
1096 92 3 8192 2.000000000 2
1096 208 3 8192 2.000000000 2
1096 256 3 8192 2.000000000 2
1096 268 3 8192 2.000000000 2
1096 460 3 8192 2.000000000 2
1096 480 3 8192 2.000000000 2
1096 604 3 8192 2.000000000 2
1096 688 3 8192 2.000000000 2
1096 760 3 8192 2.000000000 2
1096 900 3 8192 2.000000000 2
1096 972 3 8192 2.000000000 2
1096 980 3 8192 2.000000000 2
1096 1076 3 8192 2.000000000 2
1096 1116 3 8192 2.000000000 2
1096 1140 3 8192 2.000000000 2
1096 1236 3 8192 2.000000000 2
1100 48 3 8192 2.000000000 2
1100 64 3 8192 2.000000000 2
1100 68 3 8192 2.000000000 2
1100 256 3 8192 2.000000000 2
1100 376 3 8192 2.000000000 2
1100 864 3 8192 2.000000000 2
1104 32 3 8192 2.000000000 2
1104 40 3 8192 2.000000000 2
1104 152 3 8192 2.000000000 2
1104 172 3 8192 2.000000000 2
1104 208 3 8192 2.000000000 2
1104 220 3 8192 2.000000000 2
1104 264 3 8192 2.000000000 2
1104 392 3 8192 2.000000000 2
1104 516 3 8192 2.000000000 2
1104 520 3 8192 2.000000000 2
1104 552 3 8192 2.000000000 2
1104 600 3 8192 2.000000000 2
1104 892 3 8192 2.000000000 2
1104 936 3 8192 2.000000000 2
1104 968 3 8192 2.000000000 2
1112 320 3 8192 2.000000000 2
1112 352 3 8192 2.000000000 2
1112 548 3 8192 2.000000000 2
1112 600 3 8192 2.000000000 2
1112 852 3 8192 2.000000000 2
1112 1004 3 8192 2.000000000 2
1112 1012 3 8192 2.000000000 2
1112 1056 3 8192 2.000000000 2
1116 260 3 8192 2.000000000 2
1116 472 3 8192 2.000000000 2
1116 528 3 8192 2.000000000 2
1116 544 3 8192 2.000000000 2
1116 728 3 8192 2.000000000 2
1116 936 3 8192 2.000000000 2
1116 960 3 8192 2.000000000 2
1120 52 3 8192 2.000000000 2
1120 80 3 8192 2.000000000 2
1120 252 3 8192 2.000000000 2
1120 408 3 8192 2.000000000 2
1120 448 3 8192 2.000000000 2
1120 700 3 8192 2.000000000 2
1120 792 3 8192 2.000000000 2
1120 832 3 8192 2.000000000 2
1128 32 3 8192 2.000000000 2
1128 48 3 8192 2.000000000 2
1128 212 3 8192 2.000000000 2
1128 268 3 8192 2.000000000 2
1128 392 3 8192 2.000000000 2
1128 432 3 8192 2.000000000 2
1128 588 3 8192 2.000000000 2
1128 1004 3 8192 2.000000000 2
1128 1060 3 8192 2.000000000 2
1128 1096 3 8192 2.000000000 2
1128 1112 3 8192 2.000000000 2
1128 1172 3 8192 2.000000000 2
1132 216 3 8192 2.000000000 2
1132 488 3 8192 2.000000000 2
1132 744 3 8192 2.000000000 2
1132 816 3 8192 2.000000000 2
1132 860 3 8192 2.000000000 2
1132 916 3 8192 2.000000000 2
1132 964 3 8192 2.000000000 2
1132 1116 3 8192 2.000000000 2
1132 1128 3 8192 2.000000000 2
1132 1276 3 8192 2.000000000 2
1136 16 3 8192 2.000000000 2
1136 200 3 8192 2.000000000 2
1136 440 3 8192 2.000000000 2
1136 596 3 8192 2.000000000 2
1136 904 3 8192 2.000000000 2
1136 964 3 8192 2.000000000 2
1136 1080 3 8192 2.000000000 2
1136 1120 3 8192 2.000000000 2
1140 120 3 8192 2.000000000 2
1140 548 3 8192 2.000000000 2
1140 624 3 8192 2.000000000 2
1140 640 3 8192 2.000000000 2
1140 728 3 8192 2.000000000 2
1140 1060 3 8192 2.000000000 2
1140 1184 3 8192 2.000000000 2
1148 144 3 8192 2.000000000 2
1148 320 3 8192 2.000000000 2
1148 464 3 8192 2.000000000 2
1148 700 3 8192 2.000000000 2
1148 872 3 8192 2.000000000 2
1148 896 3 8192 2.000000000 2
1148 996 3 8192 2.000000000 2
1152 96 3 8192 2.000000000 2
1152 184 3 8192 2.000000000 2
1152 360 3 8192 2.000000000 2
1152 592 3 8192 2.000000000 2
1152 708 3 8192 2.000000000 2
1152 852 3 8192 2.000000000 2
1152 884 3 8192 2.000000000 2
1152 1008 3 8192 2.000000000 2
1152 1188 3 8192 2.000000000 2
1152 1244 3 8192 2.000000000 2
1156 4 3 8192 2.000000000 2
1156 136 3 8192 2.000000000 2
1156 144 3 8192 2.000000000 2
1156 180 3 8192 2.000000000 2
1156 224 3 8192 2.000000000 2
1156 392 3 8192 2.000000000 2
1156 596 3 8192 2.000000000 2
1156 600 3 8192 2.000000000 2
1156 780 3 8192 2.000000000 2
1156 1020 3 8192 2.000000000 2
1156 1084 3 8192 2.000000000 2
1160 240 3 8192 2.000000000 2
1160 268 3 8192 2.000000000 2
1160 596 3 8192 2.000000000 2
1160 652 3 8192 2.000000000 2
1160 696 3 8192 2.000000000 2
1160 728 3 8192 2.000000000 2
1160 984 3 8192 2.000000000 2
1160 1064 3 8192 2.000000000 2
1160 1152 3 8192 2.000000000 2
1160 1216 3 8192 2.000000000 2
1164 196 3 8192 2.000000000 2
1164 236 3 8192 2.000000000 2
1164 260 3 8192 2.000000000 2
1164 444 3 8192 2.000000000 2
1164 480 3 8192 2.000000000 2
1164 820 3 8192 2.000000000 2
1164 888 3 8192 2.000000000 2
1164 988 3 8192 2.000000000 2
1164 1048 3 8192 2.000000000 2
1164 1172 3 8192 2.000000000 2
1168 632 3 8192 2.000000000 2
1168 832 3 8192 2.000000000 2
1168 836 3 8192 2.000000000 2
1168 864 3 8192 2.000000000 2
1168 872 3 8192 2.000000000 2
1168 940 3 8192 2.000000000 2
1168 984 3 8192 2.000000000 2
1168 1052 3 8192 2.000000000 2
1168 1224 3 8192 2.000000000 2
1172 344 3 8192 2.000000000 2
1172 384 3 8192 2.000000000 2
1172 492 3 8192 2.000000000 2
1172 780 3 8192 2.000000000 2
1172 812 3 8192 2.000000000 2
1172 852 3 8192 2.000000000 2
1172 928 3 8192 2.000000000 2
1172 980 3 8192 2.000000000 2
1172 1068 3 8192 2.000000000 2
1172 1072 3 8192 2.000000000 2
1172 1164 3 8192 2.000000000 2
1176 8 3 8192 2.000000000 2
1176 40 3 8192 2.000000000 2
1176 68 3 8192 2.000000000 2
1176 212 3 8192 2.000000000 2
1176 220 3 8192 2.000000000 2
1176 644 3 8192 2.000000000 2
1176 808 3 8192 2.000000000 2
1176 884 3 8192 2.000000000 2
1176 1148 3 8192 2.000000000 2
1176 1160 3 8192 2.000000000 2
1176 1260 3 8192 2.000000000 2
1184 288 3 8192 2.000000000 2
1184 448 3 8192 2.000000000 2
1184 508 3 8192 2.000000000 2
1184 572 3 8192 2.000000000 2
1184 580 3 8192 2.000000000 2
1184 588 3 8192 2.000000000 2
1184 640 3 8192 2.000000000 2
1184 1020 3 8192 2.000000000 2
1184 1112 3 8192 2.000000000 2
1184 1116 3 8192 2.000000000 2
1184 1216 3 8192 2.000000000 2
1188 292 3 8192 2.000000000 2
1188 324 3 8192 2.000000000 2
1188 364 3 8192 2.000000000 2
1188 516 3 8192 2.000000000 2
1188 536 3 8192 2.000000000 2
1188 548 3 8192 2.000000000 2
1188 816 3 8192 2.000000000 2
1188 1112 3 8192 2.000000000 2
1192 96 3 8192 2.000000000 2
1192 220 3 8192 2.000000000 2
1192 376 3 8192 2.000000000 2
1192 700 3 8192 2.000000000 2
1196 40 3 8192 2.000000000 2
1196 256 3 8192 2.000000000 2
1196 852 3 8192 2.000000000 2
1196 900 3 8192 2.000000000 2
1196 1072 3 8192 2.000000000 2
1196 1084 3 8192 2.000000000 2
1196 1156 3 8192 2.000000000 2
1200 160 3 8192 2.000000000 2
1200 408 3 8192 2.000000000 2
1200 596 3 8192 2.000000000 2
1200 692 3 8192 2.000000000 2
1200 792 3 8192 2.000000000 2
1200 816 3 8192 2.000000000 2
1200 1088 3 8192 2.000000000 2
1200 1112 3 8192 2.000000000 2
1204 24 3 8192 2.000000000 2
1204 60 3 8192 2.000000000 2
1204 92 3 8192 2.000000000 2
1204 100 3 8192 2.000000000 2
1204 352 3 8192 2.000000000 2
1204 364 3 8192 2.000000000 2
1204 652 3 8192 2.000000000 2
1204 804 3 8192 2.000000000 2
1204 988 3 8192 2.000000000 2
1204 1020 3 8192 2.000000000 2
1204 1068 3 8192 2.000000000 2
1204 1112 3 8192 2.000000000 2
1212 52 3 8192 2.000000000 2
1212 200 3 8192 2.000000000 2
1212 368 3 8192 2.000000000 2
1212 392 3 8192 2.000000000 2
1212 732 3 8192 2.000000000 2
1212 876 3 8192 2.000000000 2
1212 948 3 8192 2.000000000 2
1212 1004 3 8192 2.000000000 2
1212 1032 3 8192 2.000000000 2
1212 1064 3 8192 2.000000000 2
1212 1104 3 8192 2.000000000 2
1216 144 3 8192 2.000000000 2
1216 244 3 8192 2.000000000 2
1216 324 3 8192 2.000000000 2
1216 560 3 8192 2.000000000 2
1216 744 3 8192 2.000000000 2
1216 780 3 8192 2.000000000 2
1216 948 3 8192 2.000000000 2
1216 996 3 8192 2.000000000 2
1216 1028 3 8192 2.000000000 2
1216 1264 3 8192 2.000000000 2
1216 1272 3 8192 2.000000000 2
1220 88 3 8192 2.000000000 2
1220 92 3 8192 2.000000000 2
1220 160 3 8192 2.000000000 2
1220 208 3 8192 2.000000000 2
1220 376 3 8192 2.000000000 2
1220 492 3 8192 2.000000000 2
1220 516 3 8192 2.000000000 2
1220 600 3 8192 2.000000000 2
1220 888 3 8192 2.000000000 2
1220 960 3 8192 2.000000000 2
1220 1120 3 8192 2.000000000 2
1220 1140 3 8192 2.000000000 2
1220 1232 3 8192 2.000000000 2
1220 1244 3 8192 2.000000000 2
1224 64 3 8192 2.000000000 2
1224 220 3 8192 2.000000000 2
1224 228 3 8192 2.000000000 2
1224 320 3 8192 2.000000000 2
1224 348 3 8192 2.000000000 2
1224 376 3 8192 2.000000000 2
1224 444 3 8192 2.000000000 2
1224 596 3 8192 2.000000000 2
1224 984 3 8192 2.000000000 2
1224 1132 3 8192 2.000000000 2
1224 1140 3 8192 2.000000000 2
1224 1156 3 8192 2.000000000 2
1224 1192 3 8192 2.000000000 2
1228 8 3 8192 2.000000000 2
1228 20 3 8192 2.000000000 2
1228 76 3 8192 2.000000000 2
1228 212 3 8192 2.000000000 2
1228 328 3 8192 2.000000000 2
1228 424 3 8192 2.000000000 2
1228 580 3 8192 2.000000000 2
1228 652 3 8192 2.000000000 2
1228 904 3 8192 2.000000000 2
1228 1168 3 8192 2.000000000 2
1232 164 3 8192 2.000000000 2
1232 208 3 8192 2.000000000 2
1232 660 3 8192 2.000000000 2
1232 696 3 8192 2.000000000 2
1232 768 3 8192 2.000000000 2
1232 944 3 8192 2.000000000 2
1232 1200 3 8192 2.000000000 2
1236 448 3 8192 2.000000000 2
1236 500 3 8192 2.000000000 2
1236 560 3 8192 2.000000000 2
1236 588 3 8192 2.000000000 2
1236 696 3 8192 2.000000000 2
1236 888 3 8192 2.000000000 2
1236 1020 3 8192 2.000000000 2
1240 172 3 8192 2.000000000 2
1240 440 3 8192 2.000000000 2
1240 444 3 8192 2.000000000 2
1240 544 3 8192 2.000000000 2
1240 644 3 8192 2.000000000 2
1240 760 3 8192 2.000000000 2
1240 888 3 8192 2.000000000 2
1244 312 3 8192 2.000000000 2
1244 320 3 8192 2.000000000 2
1244 324 3 8192 2.000000000 2
1244 368 3 8192 2.000000000 2
1244 384 3 8192 2.000000000 2
1244 428 3 8192 2.000000000 2
1244 780 3 8192 2.000000000 2
1244 996 3 8192 2.000000000 2
1244 1076 3 8192 2.000000000 2
1252 292 3 8192 2.000000000 2
1252 376 3 8192 2.000000000 2
1252 672 3 8192 2.000000000 2
1252 836 3 8192 2.000000000 2
1252 904 3 8192 2.000000000 2
1252 1036 3 8192 2.000000000 2
1252 1056 3 8192 2.000000000 2
1256 60 3 8192 2.000000000 2
1256 184 3 8192 2.000000000 2
1256 236 3 8192 2.000000000 2
1256 240 3 8192 2.000000000 2
1256 320 3 8192 2.000000000 2
1256 448 3 8192 2.000000000 2
1256 688 3 8192 2.000000000 2
1256 840 3 8192 2.000000000 2
1256 944 3 8192 2.000000000 2
1260 252 3 8192 2.000000000 2
1260 300 3 8192 2.000000000 2
1260 324 3 8192 2.000000000 2
1260 344 3 8192 2.000000000 2
1260 352 3 8192 2.000000000 2
1260 360 3 8192 2.000000000 2
1260 368 3 8192 2.000000000 2
1260 396 3 8192 2.000000000 2
1260 464 3 8192 2.000000000 2
1260 700 3 8192 2.000000000 2
1260 752 3 8192 2.000000000 2
1260 836 3 8192 2.000000000 2
1260 1036 3 8192 2.000000000 2
1264 132 3 8192 2.000000000 2
1264 408 3 8192 2.000000000 2
1264 424 3 8192 2.000000000 2
1264 520 3 8192 2.000000000 2
1264 728 3 8192 2.000000000 2
1264 896 3 8192 2.000000000 2
1264 1172 3 8192 2.000000000 2
1264 1216 3 8192 2.000000000 2
1272 16 3 8192 2.000000000 2
1272 144 3 8192 2.000000000 2
1272 220 3 8192 2.000000000 2
1272 312 3 8192 2.000000000 2
1272 460 3 8192 2.000000000 2
1272 644 3 8192 2.000000000 2
1272 696 3 8192 2.000000000 2
1272 708 3 8192 2.000000000 2
1272 732 3 8192 2.000000000 2
1272 832 3 8192 2.000000000 2
1272 928 3 8192 2.000000000 2
1272 1092 3 8192 2.000000000 2
1272 1116 3 8192 2.000000000 2
1276 92 3 8192 2.000000000 2
1276 292 3 8192 2.000000000 2
1276 672 3 8192 2.000000000 2
1276 752 3 8192 2.000000000 2
1276 824 3 8192 2.000000000 2
1276 872 3 8192 2.000000000 2
1276 928 3 8192 2.000000000 2
1276 988 3 8192 2.000000000 2
1276 1244 3 8192 2.000000000 2
