2306
612 56 3 8388608 2.000000000 1
648 636 3 8388608 2.000000000 1
0 72 3 8192 2.000000000 2
0 200 3 8192 2.000000000 2
0 216 3 8192 2.000000000 2
0 588 3 8192 2.000000000 2
0 664 3 8192 2.000000000 2
0 912 3 8192 2.000000000 2
0 920 3 8192 2.000000000 2
0 972 3 8192 2.000000000 2
0 1176 3 8192 2.000000000 2
0 1200 3 8192 2.000000000 2
4 40 3 8192 2.000000000 2
4 172 3 8192 2.000000000 2
4 180 3 8192 2.000000000 2
4 408 3 8192 2.000000000 2
4 880 3 8192 2.000000000 2
4 1244 3 8192 2.000000000 2
8 60 3 8192 2.000000000 2
8 84 3 8192 2.000000000 2
8 164 3 8192 2.000000000 2
8 420 3 8192 2.000000000 2
8 488 3 8192 2.000000000 2
8 496 3 8192 2.000000000 2
8 692 3 8192 2.000000000 2
8 792 3 8192 2.000000000 2
8 804 3 8192 2.000000000 2
8 1036 3 8192 2.000000000 2
8 1212 3 8192 2.000000000 2
12 52 3 8192 2.000000000 2
12 296 3 8192 2.000000000 2
12 396 3 8192 2.000000000 2
12 532 3 8192 2.000000000 2
12 892 3 8192 2.000000000 2
16 4 3 8192 2.000000000 2
16 44 3 8192 2.000000000 2
16 64 3 8192 2.000000000 2
16 152 3 8192 2.000000000 2
16 244 3 8192 2.000000000 2
16 468 3 8192 2.000000000 2
16 596 3 8192 2.000000000 2
16 688 3 8192 2.000000000 2
16 712 3 8192 2.000000000 2
16 1052 3 8192 2.000000000 2
20 252 3 8192 2.000000000 2
20 256 3 8192 2.000000000 2
20 592 3 8192 2.000000000 2
20 696 3 8192 2.000000000 2
20 700 3 8192 2.000000000 2
20 944 3 8192 2.000000000 2
20 1188 3 8192 2.000000000 2
24 8 3 8192 2.000000000 2
24 300 3 8192 2.000000000 2
24 532 3 8192 2.000000000 2
24 672 3 8192 2.000000000 2
24 896 3 8192 2.000000000 2
24 1068 3 8192 2.000000000 2
24 1084 3 8192 2.000000000 2
24 1116 3 8192 2.000000000 2
32 4 3 8192 2.000000000 2
32 20 3 8192 2.000000000 2
32 40 3 8192 2.000000000 2
32 384 3 8192 2.000000000 2
32 524 3 8192 2.000000000 2
32 608 3 8192 2.000000000 2
32 796 3 8192 2.000000000 2
32 900 3 8192 2.000000000 2
32 1032 3 8192 2.000000000 2
32 1060 3 8192 2.000000000 2
32 1200 3 8192 2.000000000 2
40 392 3 8192 2.000000000 2
40 440 3 8192 2.000000000 2
40 696 3 8192 2.000000000 2
40 724 3 8192 2.000000000 2
40 960 3 8192 2.000000000 2
40 1048 3 8192 2.000000000 2
44 120 3 8192 2.000000000 2
44 236 3 8192 2.000000000 2
44 456 3 8192 2.000000000 2
44 476 3 8192 2.000000000 2
44 504 3 8192 2.000000000 2
44 544 3 8192 2.000000000 2
44 1140 3 8192 2.000000000 2
48 116 3 8192 2.000000000 2
48 160 3 8192 2.000000000 2
48 524 3 8192 2.000000000 2
48 568 3 8192 2.000000000 2
48 588 3 8192 2.000000000 2
48 592 3 8192 2.000000000 2
48 624 3 8192 2.000000000 2
48 780 3 8192 2.000000000 2
52 276 3 8192 2.000000000 2
52 420 3 8192 2.000000000 2
52 476 3 8192 2.000000000 2
52 544 3 8192 2.000000000 2
52 800 3 8192 2.000000000 2
52 920 3 8192 2.000000000 2
52 944 3 8192 2.000000000 2
52 1112 3 8192 2.000000000 2
60 408 3 8192 2.000000000 2
60 608 3 8192 2.000000000 2
60 756 3 8192 2.000000000 2
60 784 3 8192 2.000000000 2
60 1256 3 8192 2.000000000 2
64 68 3 8192 2.000000000 2
64 84 3 8192 2.000000000 2
64 92 3 8192 2.000000000 2
64 532 3 8192 2.000000000 2
64 916 3 8192 2.000000000 2
64 1148 3 8192 2.000000000 2
64 1272 3 8192 2.000000000 2
68 256 3 8192 2.000000000 2
68 504 3 8192 2.000000000 2
68 508 3 8192 2.000000000 2
68 592 3 8192 2.000000000 2
68 608 3 8192 2.000000000 2
68 736 3 8192 2.000000000 2
68 1036 3 8192 2.000000000 2
68 1140 3 8192 2.000000000 2
68 1192 3 8192 2.000000000 2
72 80 3 8192 2.000000000 2
72 456 3 8192 2.000000000 2
72 696 3 8192 2.000000000 2
72 780 3 8192 2.000000000 2
72 884 3 8192 2.000000000 2
76 88 3 8192 2.000000000 2
76 160 3 8192 2.000000000 2
76 320 3 8192 2.000000000 2
76 504 3 8192 2.000000000 2
76 700 3 8192 2.000000000 2
76 880 3 8192 2.000000000 2
76 1084 3 8192 2.000000000 2
76 1220 3 8192 2.000000000 2
80 8 3 8192 2.000000000 2
80 264 3 8192 2.000000000 2
80 276 3 8192 2.000000000 2
80 300 3 8192 2.000000000 2
80 516 3 8192 2.000000000 2
80 684 3 8192 2.000000000 2
80 816 3 8192 2.000000000 2
80 860 3 8192 2.000000000 2
80 884 3 8192 2.000000000 2
80 1100 3 8192 2.000000000 2
80 1152 3 8192 2.000000000 2
80 1212 3 8192 2.000000000 2
84 348 3 8192 2.000000000 2
84 364 3 8192 2.000000000 2
84 396 3 8192 2.000000000 2
84 548 3 8192 2.000000000 2
84 1008 3 8192 2.000000000 2
84 1056 3 8192 2.000000000 2
84 1096 3 8192 2.000000000 2
84 1236 3 8192 2.000000000 2
88 276 3 8192 2.000000000 2
88 348 3 8192 2.000000000 2
88 508 3 8192 2.000000000 2
88 592 3 8192 2.000000000 2
88 672 3 8192 2.000000000 2
88 876 3 8192 2.000000000 2
88 980 3 8192 2.000000000 2
88 1004 3 8192 2.000000000 2
88 1060 3 8192 2.000000000 2
88 1220 3 8192 2.000000000 2
88 1260 3 8192 2.000000000 2
92 16 3 8192 2.000000000 2
92 48 3 8192 2.000000000 2
92 124 3 8192 2.000000000 2
92 480 3 8192 2.000000000 2
92 608 3 8192 2.000000000 2
92 688 3 8192 2.000000000 2
92 780 3 8192 2.000000000 2
92 896 3 8192 2.000000000 2
96 92 3 8192 2.000000000 2
96 172 3 8192 2.000000000 2
96 296 3 8192 2.000000000 2
96 300 3 8192 2.000000000 2
96 548 3 8192 2.000000000 2
96 912 3 8192 2.000000000 2
96 1136 3 8192 2.000000000 2
96 1232 3 8192 2.000000000 2
100 156 3 8192 2.000000000 2
100 320 3 8192 2.000000000 2
100 412 3 8192 2.000000000 2
100 420 3 8192 2.000000000 2
100 432 3 8192 2.000000000 2
100 536 3 8192 2.000000000 2
100 888 3 8192 2.000000000 2
100 960 3 8192 2.000000000 2
100 1160 3 8192 2.000000000 2
100 1272 3 8192 2.000000000 2
104 12 3 8192 2.000000000 2
104 52 3 8192 2.000000000 2
104 172 3 8192 2.000000000 2
104 208 3 8192 2.000000000 2
104 324 3 8192 2.000000000 2
104 488 3 8192 2.000000000 2
104 928 3 8192 2.000000000 2
104 972 3 8192 2.000000000 2
104 1216 3 8192 2.000000000 2
108 124 3 8192 2.000000000 2
108 148 3 8192 2.000000000 2
108 156 3 8192 2.000000000 2
108 172 3 8192 2.000000000 2
108 180 3 8192 2.000000000 2
108 704 3 8192 2.000000000 2
108 944 3 8192 2.000000000 2
108 1076 3 8192 2.000000000 2
116 64 3 8192 2.000000000 2
116 252 3 8192 2.000000000 2
116 504 3 8192 2.000000000 2
116 840 3 8192 2.000000000 2
116 892 3 8192 2.000000000 2
116 948 3 8192 2.000000000 2
116 1012 3 8192 2.000000000 2
116 1092 3 8192 2.000000000 2
120 240 3 8192 2.000000000 2
120 312 3 8192 2.000000000 2
120 484 3 8192 2.000000000 2
120 500 3 8192 2.000000000 2
120 516 3 8192 2.000000000 2
120 1092 3 8192 2.000000000 2
124 84 3 8192 2.000000000 2
124 196 3 8192 2.000000000 2
124 560 3 8192 2.000000000 2
124 864 3 8192 2.000000000 2
124 880 3 8192 2.000000000 2
124 1212 3 8192 2.000000000 2
132 316 3 8192 2.000000000 2
132 512 3 8192 2.000000000 2
132 664 3 8192 2.000000000 2
132 700 3 8192 2.000000000 2
132 736 3 8192 2.000000000 2
132 900 3 8192 2.000000000 2
132 1064 3 8192 2.000000000 2
132 1116 3 8192 2.000000000 2
132 1176 3 8192 2.000000000 2
132 1272 3 8192 2.000000000 2
136 16 3 8192 2.000000000 2
136 68 3 8192 2.000000000 2
136 132 3 8192 2.000000000 2
136 216 3 8192 2.000000000 2
136 220 3 8192 2.000000000 2
136 520 3 8192 2.000000000 2
136 536 3 8192 2.000000000 2
136 560 3 8192 2.000000000 2
136 732 3 8192 2.000000000 2
136 736 3 8192 2.000000000 2
136 752 3 8192 2.000000000 2
144 76 3 8192 2.000000000 2
144 164 3 8192 2.000000000 2
144 204 3 8192 2.000000000 2
144 232 3 8192 2.000000000 2
144 368 3 8192 2.000000000 2
144 556 3 8192 2.000000000 2
144 560 3 8192 2.000000000 2
144 860 3 8192 2.000000000 2
144 988 3 8192 2.000000000 2
144 1164 3 8192 2.000000000 2
148 528 3 8192 2.000000000 2
148 600 3 8192 2.000000000 2
148 684 3 8192 2.000000000 2
152 0 3 8192 2.000000000 2
152 52 3 8192 2.000000000 2
152 132 3 8192 2.000000000 2
152 424 3 8192 2.000000000 2
152 524 3 8192 2.000000000 2
152 592 3 8192 2.000000000 2
152 736 3 8192 2.000000000 2
152 800 3 8192 2.000000000 2
152 1036 3 8192 2.000000000 2
152 1272 3 8192 2.000000000 2
156 44 3 8192 2.000000000 2
156 120 3 8192 2.000000000 2
156 368 3 8192 2.000000000 2
156 464 3 8192 2.000000000 2
156 820 3 8192 2.000000000 2
156 904 3 8192 2.000000000 2
156 984 3 8192 2.000000000 2
156 1112 3 8192 2.000000000 2
156 1196 3 8192 2.000000000 2
156 1228 3 8192 2.000000000 2
160 172 3 8192 2.000000000 2
160 304 3 8192 2.000000000 2
160 464 3 8192 2.000000000 2
160 796 3 8192 2.000000000 2
160 816 3 8192 2.000000000 2
160 840 3 8192 2.000000000 2
164 32 3 8192 2.000000000 2
164 92 3 8192 2.000000000 2
164 144 3 8192 2.000000000 2
164 320 3 8192 2.000000000 2
164 572 3 8192 2.000000000 2
164 964 3 8192 2.000000000 2
164 1188 3 8192 2.000000000 2
172 72 3 8192 2.000000000 2
172 204 3 8192 2.000000000 2
172 344 3 8192 2.000000000 2
172 376 3 8192 2.000000000 2
172 412 3 8192 2.000000000 2
172 568 3 8192 2.000000000 2
172 652 3 8192 2.000000000 2
172 712 3 8192 2.000000000 2
172 900 3 8192 2.000000000 2
172 944 3 8192 2.000000000 2
172 1084 3 8192 2.000000000 2
172 1172 3 8192 2.000000000 2
172 1176 3 8192 2.000000000 2
180 8 3 8192 2.000000000 2
180 76 3 8192 2.000000000 2
180 312 3 8192 2.000000000 2
180 456 3 8192 2.000000000 2
180 544 3 8192 2.000000000 2
180 560 3 8192 2.000000000 2
180 692 3 8192 2.000000000 2
180 744 3 8192 2.000000000 2
180 804 3 8192 2.000000000 2
180 1156 3 8192 2.000000000 2
180 1260 3 8192 2.000000000 2
184 100 3 8192 2.000000000 2
184 216 3 8192 2.000000000 2
184 252 3 8192 2.000000000 2
184 256 3 8192 2.000000000 2
184 352 3 8192 2.000000000 2
184 444 3 8192 2.000000000 2
184 464 3 8192 2.000000000 2
184 504 3 8192 2.000000000 2
184 632 3 8192 2.000000000 2
184 744 3 8192 2.000000000 2
184 804 3 8192 2.000000000 2
184 1048 3 8192 2.000000000 2
184 1148 3 8192 2.000000000 2
184 1256 3 8192 2.000000000 2
196 12 3 8192 2.000000000 2
196 104 3 8192 2.000000000 2
196 164 3 8192 2.000000000 2
196 344 3 8192 2.000000000 2
196 824 3 8192 2.000000000 2
196 984 3 8192 2.000000000 2
196 1004 3 8192 2.000000000 2
196 1052 3 8192 2.000000000 2
196 1120 3 8192 2.000000000 2
196 1252 3 8192 2.000000000 2
200 88 3 8192 2.000000000 2
200 116 3 8192 2.000000000 2
200 160 3 8192 2.000000000 2
200 360 3 8192 2.000000000 2
200 492 3 8192 2.000000000 2
200 604 3 8192 2.000000000 2
200 664 3 8192 2.000000000 2
200 696 3 8192 2.000000000 2
200 824 3 8192 2.000000000 2
200 936 3 8192 2.000000000 2
200 1120 3 8192 2.000000000 2
200 1192 3 8192 2.000000000 2
200 1200 3 8192 2.000000000 2
204 44 3 8192 2.000000000 2
204 60 3 8192 2.000000000 2
204 72 3 8192 2.000000000 2
204 272 3 8192 2.000000000 2
204 972 3 8192 2.000000000 2
204 1012 3 8192 2.000000000 2
208 152 3 8192 2.000000000 2
208 172 3 8192 2.000000000 2
208 184 3 8192 2.000000000 2
208 260 3 8192 2.000000000 2
208 360 3 8192 2.000000000 2
208 428 3 8192 2.000000000 2
208 556 3 8192 2.000000000 2
208 644 3 8192 2.000000000 2
208 724 3 8192 2.000000000 2
208 784 3 8192 2.000000000 2
208 1052 3 8192 2.000000000 2
208 1096 3 8192 2.000000000 2
208 1116 3 8192 2.000000000 2
208 1224 3 8192 2.000000000 2
208 1232 3 8192 2.000000000 2
208 1260 3 8192 2.000000000 2
212 180 3 8192 2.000000000 2
212 448 3 8192 2.000000000 2
212 560 3 8192 2.000000000 2
212 604 3 8192 2.000000000 2
212 676 3 8192 2.000000000 2
212 944 3 8192 2.000000000 2
212 984 3 8192 2.000000000 2
216 100 3 8192 2.000000000 2
216 156 3 8192 2.000000000 2
216 292 3 8192 2.000000000 2
216 352 3 8192 2.000000000 2
216 712 3 8192 2.000000000 2
216 716 3 8192 2.000000000 2
216 884 3 8192 2.000000000 2
216 944 3 8192 2.000000000 2
216 1012 3 8192 2.000000000 2
220 144 3 8192 2.000000000 2
220 444 3 8192 2.000000000 2
220 448 3 8192 2.000000000 2
220 468 3 8192 2.000000000 2
220 496 3 8192 2.000000000 2
220 960 3 8192 2.000000000 2
220 1068 3 8192 2.000000000 2
220 1204 3 8192 2.000000000 2
224 52 3 8192 2.000000000 2
224 440 3 8192 2.000000000 2
224 752 3 8192 2.000000000 2
224 876 3 8192 2.000000000 2
224 1008 3 8192 2.000000000 2
224 1196 3 8192 2.000000000 2
228 12 3 8192 2.000000000 2
228 64 3 8192 2.000000000 2
228 1076 3 8192 2.000000000 2
228 1276 3 8192 2.000000000 2
232 528 3 8192 2.000000000 2
232 644 3 8192 2.000000000 2
232 668 3 8192 2.000000000 2
232 780 3 8192 2.000000000 2
232 1068 3 8192 2.000000000 2
236 136 3 8192 2.000000000 2
236 568 3 8192 2.000000000 2
236 640 3 8192 2.000000000 2
236 964 3 8192 2.000000000 2
236 1076 3 8192 2.000000000 2
236 1100 3 8192 2.000000000 2
236 1160 3 8192 2.000000000 2
236 1172 3 8192 2.000000000 2
236 1184 3 8192 2.000000000 2
236 1252 3 8192 2.000000000 2
236 1276 3 8192 2.000000000 2
240 368 3 8192 2.000000000 2
240 600 3 8192 2.000000000 2
240 640 3 8192 2.000000000 2
240 784 3 8192 2.000000000 2
240 1072 3 8192 2.000000000 2
240 1116 3 8192 2.000000000 2
240 1136 3 8192 2.000000000 2
244 16 3 8192 2.000000000 2
244 96 3 8192 2.000000000 2
244 208 3 8192 2.000000000 2
244 288 3 8192 2.000000000 2
244 316 3 8192 2.000000000 2
244 320 3 8192 2.000000000 2
244 660 3 8192 2.000000000 2
244 1136 3 8192 2.000000000 2
252 72 3 8192 2.000000000 2
252 224 3 8192 2.000000000 2
252 244 3 8192 2.000000000 2
252 328 3 8192 2.000000000 2
252 632 3 8192 2.000000000 2
252 896 3 8192 2.000000000 2
252 1032 3 8192 2.000000000 2
252 1060 3 8192 2.000000000 2
256 104 3 8192 2.000000000 2
256 136 3 8192 2.000000000 2
256 232 3 8192 2.000000000 2
256 288 3 8192 2.000000000 2
256 528 3 8192 2.000000000 2
256 544 3 8192 2.000000000 2
256 876 3 8192 2.000000000 2
256 1088 3 8192 2.000000000 2
256 1204 3 8192 2.000000000 2
260 216 3 8192 2.000000000 2
260 232 3 8192 2.000000000 2
260 696 3 8192 2.000000000 2
260 972 3 8192 2.000000000 2
260 988 3 8192 2.000000000 2
264 148 3 8192 2.000000000 2
264 196 3 8192 2.000000000 2
264 424 3 8192 2.000000000 2
264 728 3 8192 2.000000000 2
264 928 3 8192 2.000000000 2
264 1028 3 8192 2.000000000 2
268 0 3 8192 2.000000000 2
268 316 3 8192 2.000000000 2
268 324 3 8192 2.000000000 2
268 460 3 8192 2.000000000 2
268 820 3 8192 2.000000000 2
268 824 3 8192 2.000000000 2
268 832 3 8192 2.000000000 2
268 900 3 8192 2.000000000 2
268 1080 3 8192 2.000000000 2
268 1176 3 8192 2.000000000 2
268 1204 3 8192 2.000000000 2
268 1260 3 8192 2.000000000 2
272 76 3 8192 2.000000000 2
272 172 3 8192 2.000000000 2
272 196 3 8192 2.000000000 2
272 752 3 8192 2.000000000 2
272 836 3 8192 2.000000000 2
272 1004 3 8192 2.000000000 2
272 1048 3 8192 2.000000000 2
272 1128 3 8192 2.000000000 2
272 1156 3 8192 2.000000000 2
272 1172 3 8192 2.000000000 2
272 1216 3 8192 2.000000000 2
276 20 3 8192 2.000000000 2
276 232 3 8192 2.000000000 2
276 264 3 8192 2.000000000 2
276 732 3 8192 2.000000000 2
276 840 3 8192 2.000000000 2
276 984 3 8192 2.000000000 2
276 1028 3 8192 2.000000000 2
276 1172 3 8192 2.000000000 2
280 48 3 8192 2.000000000 2
280 724 3 8192 2.000000000 2
280 840 3 8192 2.000000000 2
280 1160 3 8192 2.000000000 2
288 68 3 8192 2.000000000 2
288 344 3 8192 2.000000000 2
288 420 3 8192 2.000000000 2
288 432 3 8192 2.000000000 2
288 480 3 8192 2.000000000 2
288 904 3 8192 2.000000000 2
288 960 3 8192 2.000000000 2
288 1188 3 8192 2.000000000 2
292 4 3 8192 2.000000000 2
292 64 3 8192 2.000000000 2
292 184 3 8192 2.000000000 2
292 364 3 8192 2.000000000 2
292 368 3 8192 2.000000000 2
292 444 3 8192 2.000000000 2
292 544 3 8192 2.000000000 2
292 652 3 8192 2.000000000 2
292 944 3 8192 2.000000000 2
292 1076 3 8192 2.000000000 2
292 1092 3 8192 2.000000000 2
292 1100 3 8192 2.000000000 2
292 1184 3 8192 2.000000000 2
292 1228 3 8192 2.000000000 2
296 412 3 8192 2.000000000 2
296 644 3 8192 2.000000000 2
296 784 3 8192 2.000000000 2
296 864 3 8192 2.000000000 2
296 1032 3 8192 2.000000000 2
296 1096 3 8192 2.000000000 2
296 1204 3 8192 2.000000000 2
300 80 3 8192 2.000000000 2
300 204 3 8192 2.000000000 2
300 344 3 8192 2.000000000 2
300 488 3 8192 2.000000000 2
300 524 3 8192 2.000000000 2
300 688 3 8192 2.000000000 2
300 808 3 8192 2.000000000 2
300 972 3 8192 2.000000000 2
304 420 3 8192 2.000000000 2
304 424 3 8192 2.000000000 2
304 532 3 8192 2.000000000 2
304 752 3 8192 2.000000000 2
304 1088 3 8192 2.000000000 2
312 88 3 8192 2.000000000 2
312 120 3 8192 2.000000000 2
312 164 3 8192 2.000000000 2
312 252 3 8192 2.000000000 2
312 408 3 8192 2.000000000 2
312 412 3 8192 2.000000000 2
312 592 3 8192 2.000000000 2
312 944 3 8192 2.000000000 2
312 1236 3 8192 2.000000000 2
316 24 3 8192 2.000000000 2
316 60 3 8192 2.000000000 2
316 180 3 8192 2.000000000 2
316 196 3 8192 2.000000000 2
316 580 3 8192 2.000000000 2
316 732 3 8192 2.000000000 2
316 944 3 8192 2.000000000 2
316 960 3 8192 2.000000000 2
316 1112 3 8192 2.000000000 2
316 1160 3 8192 2.000000000 2
316 1244 3 8192 2.000000000 2
316 1276 3 8192 2.000000000 2
320 4 3 8192 2.000000000 2
320 60 3 8192 2.000000000 2
320 160 3 8192 2.000000000 2
320 480 3 8192 2.000000000 2
320 604 3 8192 2.000000000 2
320 692 3 8192 2.000000000 2
320 744 3 8192 2.000000000 2
320 820 3 8192 2.000000000 2
320 832 3 8192 2.000000000 2
320 884 3 8192 2.000000000 2
320 1020 3 8192 2.000000000 2
320 1204 3 8192 2.000000000 2
324 52 3 8192 2.000000000 2
324 528 3 8192 2.000000000 2
324 544 3 8192 2.000000000 2
324 592 3 8192 2.000000000 2
324 728 3 8192 2.000000000 2
324 928 3 8192 2.000000000 2
324 1244 3 8192 2.000000000 2
328 288 3 8192 2.000000000 2
328 1068 3 8192 2.000000000 2
328 1132 3 8192 2.000000000 2
328 1196 3 8192 2.000000000 2
328 1244 3 8192 2.000000000 2
328 1264 3 8192 2.000000000 2
344 20 3 8192 2.000000000 2
344 96 3 8192 2.000000000 2
344 156 3 8192 2.000000000 2
344 172 3 8192 2.000000000 2
344 276 3 8192 2.000000000 2
344 320 3 8192 2.000000000 2
344 672 3 8192 2.000000000 2
344 756 3 8192 2.000000000 2
344 852 3 8192 2.000000000 2
344 1152 3 8192 2.000000000 2
344 1176 3 8192 2.000000000 2
348 24 3 8192 2.000000000 2
348 180 3 8192 2.000000000 2
348 216 3 8192 2.000000000 2
348 320 3 8192 2.000000000 2
348 376 3 8192 2.000000000 2
348 456 3 8192 2.000000000 2
348 1188 3 8192 2.000000000 2
352 96 3 8192 2.000000000 2
352 480 3 8192 2.000000000 2
352 592 3 8192 2.000000000 2
352 812 3 8192 2.000000000 2
352 872 3 8192 2.000000000 2
352 1004 3 8192 2.000000000 2
352 1112 3 8192 2.000000000 2
352 1120 3 8192 2.000000000 2
360 136 3 8192 2.000000000 2
360 220 3 8192 2.000000000 2
360 260 3 8192 2.000000000 2
360 268 3 8192 2.000000000 2
360 392 3 8192 2.000000000 2
360 424 3 8192 2.000000000 2
360 484 3 8192 2.000000000 2
360 820 3 8192 2.000000000 2
360 840 3 8192 2.000000000 2
360 960 3 8192 2.000000000 2
360 1004 3 8192 2.000000000 2
364 288 3 8192 2.000000000 2
364 304 3 8192 2.000000000 2
364 312 3 8192 2.000000000 2
364 396 3 8192 2.000000000 2
364 428 3 8192 2.000000000 2
364 696 3 8192 2.000000000 2
364 848 3 8192 2.000000000 2
364 1244 3 8192 2.000000000 2
368 144 3 8192 2.000000000 2
368 268 3 8192 2.000000000 2
368 460 3 8192 2.000000000 2
368 484 3 8192 2.000000000 2
368 608 3 8192 2.000000000 2
368 640 3 8192 2.000000000 2
368 732 3 8192 2.000000000 2
368 744 3 8192 2.000000000 2
368 996 3 8192 2.000000000 2
376 4 3 8192 2.000000000 2
376 108 3 8192 2.000000000 2
376 196 3 8192 2.000000000 2
376 288 3 8192 2.000000000 2
376 492 3 8192 2.000000000 2
376 552 3 8192 2.000000000 2
376 712 3 8192 2.000000000 2
376 728 3 8192 2.000000000 2
376 1088 3 8192 2.000000000 2
384 68 3 8192 2.000000000 2
384 88 3 8192 2.000000000 2
384 408 3 8192 2.000000000 2
384 488 3 8192 2.000000000 2
384 496 3 8192 2.000000000 2
384 504 3 8192 2.000000000 2
384 660 3 8192 2.000000000 2
384 744 3 8192 2.000000000 2
384 824 3 8192 2.000000000 2
384 936 3 8192 2.000000000 2
392 12 3 8192 2.000000000 2
392 24 3 8192 2.000000000 2
392 200 3 8192 2.000000000 2
392 244 3 8192 2.000000000 2
392 536 3 8192 2.000000000 2
392 556 3 8192 2.000000000 2
392 644 3 8192 2.000000000 2
392 660 3 8192 2.000000000 2
392 752 3 8192 2.000000000 2
392 936 3 8192 2.000000000 2
392 1192 3 8192 2.000000000 2
396 44 3 8192 2.000000000 2
396 264 3 8192 2.000000000 2
396 408 3 8192 2.000000000 2
396 528 3 8192 2.000000000 2
396 984 3 8192 2.000000000 2
396 1200 3 8192 2.000000000 2
396 1224 3 8192 2.000000000 2
396 1244 3 8192 2.000000000 2
408 152 3 8192 2.000000000 2
408 304 3 8192 2.000000000 2
408 484 3 8192 2.000000000 2
408 504 3 8192 2.000000000 2
408 696 3 8192 2.000000000 2
408 744 3 8192 2.000000000 2
408 796 3 8192 2.000000000 2
408 812 3 8192 2.000000000 2
408 1004 3 8192 2.000000000 2
408 1192 3 8192 2.000000000 2
412 92 3 8192 2.000000000 2
412 136 3 8192 2.000000000 2
412 272 3 8192 2.000000000 2
412 384 3 8192 2.000000000 2
412 696 3 8192 2.000000000 2
412 716 3 8192 2.000000000 2
412 836 3 8192 2.000000000 2
412 860 3 8192 2.000000000 2
412 936 3 8192 2.000000000 2
412 984 3 8192 2.000000000 2
412 1120 3 8192 2.000000000 2
420 232 3 8192 2.000000000 2
420 412 3 8192 2.000000000 2
420 492 3 8192 2.000000000 2
420 1036 3 8192 2.000000000 2
420 1136 3 8192 2.000000000 2
420 1196 3 8192 2.000000000 2
420 1240 3 8192 2.000000000 2
424 104 3 8192 2.000000000 2
424 148 3 8192 2.000000000 2
424 172 3 8192 2.000000000 2
424 376 3 8192 2.000000000 2
424 476 3 8192 2.000000000 2
424 484 3 8192 2.000000000 2
424 596 3 8192 2.000000000 2
424 616 3 8192 2.000000000 2
424 672 3 8192 2.000000000 2
424 800 3 8192 2.000000000 2
424 860 3 8192 2.000000000 2
424 1080 3 8192 2.000000000 2
424 1244 3 8192 2.000000000 2
428 8 3 8192 2.000000000 2
428 88 3 8192 2.000000000 2
428 96 3 8192 2.000000000 2
428 156 3 8192 2.000000000 2
428 236 3 8192 2.000000000 2
428 500 3 8192 2.000000000 2
428 520 3 8192 2.000000000 2
428 588 3 8192 2.000000000 2
428 624 3 8192 2.000000000 2
428 640 3 8192 2.000000000 2
428 700 3 8192 2.000000000 2
428 712 3 8192 2.000000000 2
428 724 3 8192 2.000000000 2
428 888 3 8192 2.000000000 2
428 1020 3 8192 2.000000000 2
428 1272 3 8192 2.000000000 2
432 280 3 8192 2.000000000 2
432 456 3 8192 2.000000000 2
432 472 3 8192 2.000000000 2
432 484 3 8192 2.000000000 2
432 644 3 8192 2.000000000 2
432 660 3 8192 2.000000000 2
432 668 3 8192 2.000000000 2
432 820 3 8192 2.000000000 2
432 988 3 8192 2.000000000 2
432 1036 3 8192 2.000000000 2
440 12 3 8192 2.000000000 2
440 68 3 8192 2.000000000 2
440 148 3 8192 2.000000000 2
440 348 3 8192 2.000000000 2
440 752 3 8192 2.000000000 2
440 912 3 8192 2.000000000 2
440 1004 3 8192 2.000000000 2
440 1152 3 8192 2.000000000 2
440 1164 3 8192 2.000000000 2
440 1168 3 8192 2.000000000 2
444 300 3 8192 2.000000000 2
444 456 3 8192 2.000000000 2
444 552 3 8192 2.000000000 2
444 752 3 8192 2.000000000 2
444 880 3 8192 2.000000000 2
444 904 3 8192 2.000000000 2
444 1004 3 8192 2.000000000 2
444 1008 3 8192 2.000000000 2
448 144 3 8192 2.000000000 2
448 184 3 8192 2.000000000 2
448 272 3 8192 2.000000000 2
448 328 3 8192 2.000000000 2
448 632 3 8192 2.000000000 2
448 864 3 8192 2.000000000 2
448 948 3 8192 2.000000000 2
448 1132 3 8192 2.000000000 2
448 1168 3 8192 2.000000000 2
448 1228 3 8192 2.000000000 2
448 1272 3 8192 2.000000000 2
456 52 3 8192 2.000000000 2
456 156 3 8192 2.000000000 2
456 264 3 8192 2.000000000 2
456 464 3 8192 2.000000000 2
456 492 3 8192 2.000000000 2
456 872 3 8192 2.000000000 2
456 884 3 8192 2.000000000 2
456 888 3 8192 2.000000000 2
456 1128 3 8192 2.000000000 2
456 1148 3 8192 2.000000000 2
456 1272 3 8192 2.000000000 2
460 48 3 8192 2.000000000 2
460 100 3 8192 2.000000000 2
460 124 3 8192 2.000000000 2
460 220 3 8192 2.000000000 2
460 444 3 8192 2.000000000 2
460 456 3 8192 2.000000000 2
460 948 3 8192 2.000000000 2
460 1076 3 8192 2.000000000 2
464 152 3 8192 2.000000000 2
464 224 3 8192 2.000000000 2
464 948 3 8192 2.000000000 2
464 1008 3 8192 2.000000000 2
464 1088 3 8192 2.000000000 2
464 1176 3 8192 2.000000000 2
464 1216 3 8192 2.000000000 2
464 1244 3 8192 2.000000000 2
468 16 3 8192 2.000000000 2
468 136 3 8192 2.000000000 2
468 412 3 8192 2.000000000 2
468 456 3 8192 2.000000000 2
468 532 3 8192 2.000000000 2
468 644 3 8192 2.000000000 2
468 1236 3 8192 2.000000000 2
472 48 3 8192 2.000000000 2
472 240 3 8192 2.000000000 2
472 304 3 8192 2.000000000 2
472 632 3 8192 2.000000000 2
472 744 3 8192 2.000000000 2
472 996 3 8192 2.000000000 2
472 1048 3 8192 2.000000000 2
476 84 3 8192 2.000000000 2
476 148 3 8192 2.000000000 2
476 156 3 8192 2.000000000 2
476 244 3 8192 2.000000000 2
476 300 3 8192 2.000000000 2
476 460 3 8192 2.000000000 2
476 512 3 8192 2.000000000 2
476 552 3 8192 2.000000000 2
476 668 3 8192 2.000000000 2
476 880 3 8192 2.000000000 2
476 1160 3 8192 2.000000000 2
480 72 3 8192 2.000000000 2
480 508 3 8192 2.000000000 2
480 756 3 8192 2.000000000 2
480 1192 3 8192 2.000000000 2
480 1260 3 8192 2.000000000 2
484 12 3 8192 2.000000000 2
484 448 3 8192 2.000000000 2
484 456 3 8192 2.000000000 2
484 560 3 8192 2.000000000 2
484 624 3 8192 2.000000000 2
484 792 3 8192 2.000000000 2
484 940 3 8192 2.000000000 2
488 228 3 8192 2.000000000 2
488 288 3 8192 2.000000000 2
488 344 3 8192 2.000000000 2
488 552 3 8192 2.000000000 2
488 596 3 8192 2.000000000 2
488 708 3 8192 2.000000000 2
488 848 3 8192 2.000000000 2
488 940 3 8192 2.000000000 2
488 1100 3 8192 2.000000000 2
492 72 3 8192 2.000000000 2
492 224 3 8192 2.000000000 2
492 420 3 8192 2.000000000 2
492 580 3 8192 2.000000000 2
492 588 3 8192 2.000000000 2
492 600 3 8192 2.000000000 2
492 840 3 8192 2.000000000 2
492 1024 3 8192 2.000000000 2
492 1068 3 8192 2.000000000 2
492 1252 3 8192 2.000000000 2
496 12 3 8192 2.000000000 2
496 24 3 8192 2.000000000 2
496 104 3 8192 2.000000000 2
496 556 3 8192 2.000000000 2
496 676 3 8192 2.000000000 2
496 1020 3 8192 2.000000000 2
496 1184 3 8192 2.000000000 2
496 1244 3 8192 2.000000000 2
500 120 3 8192 2.000000000 2
500 216 3 8192 2.000000000 2
500 256 3 8192 2.000000000 2
500 468 3 8192 2.000000000 2
500 516 3 8192 2.000000000 2
500 660 3 8192 2.000000000 2
500 864 3 8192 2.000000000 2
500 940 3 8192 2.000000000 2
500 948 3 8192 2.000000000 2
500 984 3 8192 2.000000000 2
500 1136 3 8192 2.000000000 2
500 1152 3 8192 2.000000000 2
500 1244 3 8192 2.000000000 2
504 196 3 8192 2.000000000 2
504 492 3 8192 2.000000000 2
504 568 3 8192 2.000000000 2
504 580 3 8192 2.000000000 2
504 664 3 8192 2.000000000 2
504 820 3 8192 2.000000000 2
504 876 3 8192 2.000000000 2
504 904 3 8192 2.000000000 2
504 936 3 8192 2.000000000 2
508 32 3 8192 2.000000000 2
508 44 3 8192 2.000000000 2
508 148 3 8192 2.000000000 2
508 348 3 8192 2.000000000 2
508 384 3 8192 2.000000000 2
508 536 3 8192 2.000000000 2
508 664 3 8192 2.000000000 2
508 716 3 8192 2.000000000 2
508 872 3 8192 2.000000000 2
508 1056 3 8192 2.000000000 2
508 1088 3 8192 2.000000000 2
512 228 3 8192 2.000000000 2
512 264 3 8192 2.000000000 2
512 368 3 8192 2.000000000 2
512 848 3 8192 2.000000000 2
512 968 3 8192 2.000000000 2
516 64 3 8192 2.000000000 2
516 376 3 8192 2.000000000 2
516 420 3 8192 2.000000000 2
516 464 3 8192 2.000000000 2
516 840 3 8192 2.000000000 2
516 848 3 8192 2.000000000 2
516 860 3 8192 2.000000000 2
516 1052 3 8192 2.000000000 2
516 1104 3 8192 2.000000000 2
516 1196 3 8192 2.000000000 2
520 60 3 8192 2.000000000 2
520 396 3 8192 2.000000000 2
520 444 3 8192 2.000000000 2
520 528 3 8192 2.000000000 2
520 1048 3 8192 2.000000000 2
520 1060 3 8192 2.000000000 2
520 1112 3 8192 2.000000000 2
524 96 3 8192 2.000000000 2
524 292 3 8192 2.000000000 2
524 364 3 8192 2.000000000 2
524 520 3 8192 2.000000000 2
524 892 3 8192 2.000000000 2
524 984 3 8192 2.000000000 2
524 1004 3 8192 2.000000000 2
524 1028 3 8192 2.000000000 2
524 1052 3 8192 2.000000000 2
524 1200 3 8192 2.000000000 2
524 1212 3 8192 2.000000000 2
524 1272 3 8192 2.000000000 2
528 292 3 8192 2.000000000 2
528 424 3 8192 2.000000000 2
528 592 3 8192 2.000000000 2
528 676 3 8192 2.000000000 2
528 852 3 8192 2.000000000 2
528 860 3 8192 2.000000000 2
528 904 3 8192 2.000000000 2
528 1032 3 8192 2.000000000 2
528 1212 3 8192 2.000000000 2
528 1264 3 8192 2.000000000 2
532 152 3 8192 2.000000000 2
532 280 3 8192 2.000000000 2
532 544 3 8192 2.000000000 2
532 756 3 8192 2.000000000 2
532 940 3 8192 2.000000000 2
532 1076 3 8192 2.000000000 2
532 1136 3 8192 2.000000000 2
532 1220 3 8192 2.000000000 2
532 1244 3 8192 2.000000000 2
536 88 3 8192 2.000000000 2
536 120 3 8192 2.000000000 2
536 556 3 8192 2.000000000 2
536 732 3 8192 2.000000000 2
536 756 3 8192 2.000000000 2
536 836 3 8192 2.000000000 2
536 840 3 8192 2.000000000 2
536 904 3 8192 2.000000000 2
536 948 3 8192 2.000000000 2
544 64 3 8192 2.000000000 2
544 92 3 8192 2.000000000 2
544 104 3 8192 2.000000000 2
544 148 3 8192 2.000000000 2
544 160 3 8192 2.000000000 2
544 172 3 8192 2.000000000 2
544 216 3 8192 2.000000000 2
544 240 3 8192 2.000000000 2
544 556 3 8192 2.000000000 2
544 1060 3 8192 2.000000000 2
544 1128 3 8192 2.000000000 2
548 0 3 8192 2.000000000 2
548 76 3 8192 2.000000000 2
548 104 3 8192 2.000000000 2
548 448 3 8192 2.000000000 2
548 760 3 8192 2.000000000 2
548 804 3 8192 2.000000000 2
548 864 3 8192 2.000000000 2
548 1176 3 8192 2.000000000 2
548 1240 3 8192 2.000000000 2
552 120 3 8192 2.000000000 2
552 132 3 8192 2.000000000 2
552 428 3 8192 2.000000000 2
552 756 3 8192 2.000000000 2
552 784 3 8192 2.000000000 2
552 796 3 8192 2.000000000 2
552 1012 3 8192 2.000000000 2
556 72 3 8192 2.000000000 2
556 644 3 8192 2.000000000 2
556 696 3 8192 2.000000000 2
556 896 3 8192 2.000000000 2
556 960 3 8192 2.000000000 2
556 1120 3 8192 2.000000000 2
556 1160 3 8192 2.000000000 2
556 1232 3 8192 2.000000000 2
560 664 3 8192 2.000000000 2
560 852 3 8192 2.000000000 2
560 868 3 8192 2.000000000 2
560 928 3 8192 2.000000000 2
560 1056 3 8192 2.000000000 2
560 1132 3 8192 2.000000000 2
560 1240 3 8192 2.000000000 2
568 92 3 8192 2.000000000 2
568 96 3 8192 2.000000000 2
568 524 3 8192 2.000000000 2
568 652 3 8192 2.000000000 2
568 684 3 8192 2.000000000 2
568 732 3 8192 2.000000000 2
568 760 3 8192 2.000000000 2
568 1192 3 8192 2.000000000 2
572 280 3 8192 2.000000000 2
572 296 3 8192 2.000000000 2
572 488 3 8192 2.000000000 2
572 600 3 8192 2.000000000 2
572 920 3 8192 2.000000000 2
572 948 3 8192 2.000000000 2
572 1176 3 8192 2.000000000 2
580 152 3 8192 2.000000000 2
580 164 3 8192 2.000000000 2
580 212 3 8192 2.000000000 2
580 232 3 8192 2.000000000 2
580 280 3 8192 2.000000000 2
580 296 3 8192 2.000000000 2
580 300 3 8192 2.000000000 2
580 396 3 8192 2.000000000 2
580 640 3 8192 2.000000000 2
580 808 3 8192 2.000000000 2
580 1084 3 8192 2.000000000 2
580 1156 3 8192 2.000000000 2
580 1244 3 8192 2.000000000 2
588 72 3 8192 2.000000000 2
588 260 3 8192 2.000000000 2
588 396 3 8192 2.000000000 2
588 408 3 8192 2.000000000 2
588 444 3 8192 2.000000000 2
588 532 3 8192 2.000000000 2
588 560 3 8192 2.000000000 2
588 644 3 8192 2.000000000 2
588 816 3 8192 2.000000000 2
588 928 3 8192 2.000000000 2
588 940 3 8192 2.000000000 2
592 144 3 8192 2.000000000 2
592 264 3 8192 2.000000000 2
592 268 3 8192 2.000000000 2
592 448 3 8192 2.000000000 2
592 556 3 8192 2.000000000 2
592 984 3 8192 2.000000000 2
592 1072 3 8192 2.000000000 2
592 1120 3 8192 2.000000000 2
592 1128 3 8192 2.000000000 2
596 16 3 8192 2.000000000 2
596 316 3 8192 2.000000000 2
596 344 3 8192 2.000000000 2
596 412 3 8192 2.000000000 2
596 432 3 8192 2.000000000 2
596 660 3 8192 2.000000000 2
596 676 3 8192 2.000000000 2
596 744 3 8192 2.000000000 2
596 900 3 8192 2.000000000 2
596 1220 3 8192 2.000000000 2
596 1252 3 8192 2.000000000 2
600 84 3 8192 2.000000000 2
600 368 3 8192 2.000000000 2
600 736 3 8192 2.000000000 2
600 964 3 8192 2.000000000 2
600 1008 3 8192 2.000000000 2
604 44 3 8192 2.000000000 2
604 152 3 8192 2.000000000 2
604 444 3 8192 2.000000000 2
604 520 3 8192 2.000000000 2
604 888 3 8192 2.000000000 2
604 968 3 8192 2.000000000 2
604 1068 3 8192 2.000000000 2
608 40 3 8192 2.000000000 2
608 448 3 8192 2.000000000 2
608 476 3 8192 2.000000000 2
608 596 3 8192 2.000000000 2
608 616 3 8192 2.000000000 2
608 684 3 8192 2.000000000 2
608 696 3 8192 2.000000000 2
608 864 3 8192 2.000000000 2
608 944 3 8192 2.000000000 2
608 1024 3 8192 2.000000000 2
608 1156 3 8192 2.000000000 2
608 1216 3 8192 2.000000000 2
616 148 3 8192 2.000000000 2
616 212 3 8192 2.000000000 2
616 440 3 8192 2.000000000 2
616 448 3 8192 2.000000000 2
616 464 3 8192 2.000000000 2
616 480 3 8192 2.000000000 2
616 532 3 8192 2.000000000 2
616 684 3 8192 2.000000000 2
616 688 3 8192 2.000000000 2
616 912 3 8192 2.000000000 2
616 1012 3 8192 2.000000000 2
616 1064 3 8192 2.000000000 2
616 1216 3 8192 2.000000000 2
616 1232 3 8192 2.000000000 2
624 116 3 8192 2.000000000 2
624 180 3 8192 2.000000000 2
624 632 3 8192 2.000000000 2
624 644 3 8192 2.000000000 2
624 684 3 8192 2.000000000 2
624 728 3 8192 2.000000000 2
624 876 3 8192 2.000000000 2
624 1052 3 8192 2.000000000 2
632 12 3 8192 2.000000000 2
632 180 3 8192 2.000000000 2
632 184 3 8192 2.000000000 2
632 220 3 8192 2.000000000 2
632 264 3 8192 2.000000000 2
632 560 3 8192 2.000000000 2
632 1008 3 8192 2.000000000 2
632 1036 3 8192 2.000000000 2
640 108 3 8192 2.000000000 2
640 320 3 8192 2.000000000 2
640 432 3 8192 2.000000000 2
640 456 3 8192 2.000000000 2
640 768 3 8192 2.000000000 2
640 1240 3 8192 2.000000000 2
640 1252 3 8192 2.000000000 2
644 148 3 8192 2.000000000 2
644 208 3 8192 2.000000000 2
644 328 3 8192 2.000000000 2
644 348 3 8192 2.000000000 2
644 424 3 8192 2.000000000 2
644 504 3 8192 2.000000000 2
644 744 3 8192 2.000000000 2
644 836 3 8192 2.000000000 2
644 1028 3 8192 2.000000000 2
644 1080 3 8192 2.000000000 2
644 1156 3 8192 2.000000000 2
644 1196 3 8192 2.000000000 2
652 88 3 8192 2.000000000 2
652 484 3 8192 2.000000000 2
652 580 3 8192 2.000000000 2
652 644 3 8192 2.000000000 2
652 824 3 8192 2.000000000 2
652 1196 3 8192 2.000000000 2
660 32 3 8192 2.000000000 2
660 116 3 8192 2.000000000 2
660 156 3 8192 2.000000000 2
660 196 3 8192 2.000000000 2
660 200 3 8192 2.000000000 2
660 212 3 8192 2.000000000 2
660 228 3 8192 2.000000000 2
660 548 3 8192 2.000000000 2
660 568 3 8192 2.000000000 2
660 964 3 8192 2.000000000 2
660 1032 3 8192 2.000000000 2
660 1088 3 8192 2.000000000 2
660 1200 3 8192 2.000000000 2
660 1256 3 8192 2.000000000 2
664 232 3 8192 2.000000000 2
664 260 3 8192 2.000000000 2
664 280 3 8192 2.000000000 2
664 396 3 8192 2.000000000 2
664 428 3 8192 2.000000000 2
664 672 3 8192 2.000000000 2
664 800 3 8192 2.000000000 2
664 872 3 8192 2.000000000 2
664 1064 3 8192 2.000000000 2
664 1072 3 8192 2.000000000 2
664 1128 3 8192 2.000000000 2
664 1276 3 8192 2.000000000 2
668 52 3 8192 2.000000000 2
668 444 3 8192 2.000000000 2
668 1088 3 8192 2.000000000 2
668 1160 3 8192 2.000000000 2
668 1204 3 8192 2.000000000 2
672 152 3 8192 2.000000000 2
672 256 3 8192 2.000000000 2
672 368 3 8192 2.000000000 2
672 592 3 8192 2.000000000 2
672 600 3 8192 2.000000000 2
672 608 3 8192 2.000000000 2
672 644 3 8192 2.000000000 2
672 820 3 8192 2.000000000 2
672 972 3 8192 2.000000000 2
672 988 3 8192 2.000000000 2
672 1028 3 8192 2.000000000 2
672 1112 3 8192 2.000000000 2
672 1128 3 8192 2.000000000 2
672 1168 3 8192 2.000000000 2
676 104 3 8192 2.000000000 2
676 124 3 8192 2.000000000 2
676 252 3 8192 2.000000000 2
676 320 3 8192 2.000000000 2
676 448 3 8192 2.000000000 2
676 920 3 8192 2.000000000 2
676 988 3 8192 2.000000000 2
676 1104 3 8192 2.000000000 2
676 1176 3 8192 2.000000000 2
676 1228 3 8192 2.000000000 2
684 76 3 8192 2.000000000 2
684 104 3 8192 2.000000000 2
684 144 3 8192 2.000000000 2
684 280 3 8192 2.000000000 2
684 468 3 8192 2.000000000 2
684 508 3 8192 2.000000000 2
684 516 3 8192 2.000000000 2
684 640 3 8192 2.000000000 2
684 732 3 8192 2.000000000 2
684 768 3 8192 2.000000000 2
684 840 3 8192 2.000000000 2
684 876 3 8192 2.000000000 2
684 880 3 8192 2.000000000 2
684 984 3 8192 2.000000000 2
684 1032 3 8192 2.000000000 2
684 1104 3 8192 2.000000000 2
684 1276 3 8192 2.000000000 2
688 144 3 8192 2.000000000 2
688 232 3 8192 2.000000000 2
688 256 3 8192 2.000000000 2
688 260 3 8192 2.000000000 2
688 448 3 8192 2.000000000 2
688 712 3 8192 2.000000000 2
688 728 3 8192 2.000000000 2
688 752 3 8192 2.000000000 2
688 880 3 8192 2.000000000 2
688 968 3 8192 2.000000000 2
688 1024 3 8192 2.000000000 2
688 1080 3 8192 2.000000000 2
688 1216 3 8192 2.000000000 2
688 1228 3 8192 2.000000000 2
692 116 3 8192 2.000000000 2
692 200 3 8192 2.000000000 2
692 324 3 8192 2.000000000 2
692 432 3 8192 2.000000000 2
692 676 3 8192 2.000000000 2
692 812 3 8192 2.000000000 2
692 972 3 8192 2.000000000 2
692 1172 3 8192 2.000000000 2
696 72 3 8192 2.000000000 2
696 228 3 8192 2.000000000 2
696 280 3 8192 2.000000000 2
696 484 3 8192 2.000000000 2
696 492 3 8192 2.000000000 2
696 1012 3 8192 2.000000000 2
696 1092 3 8192 2.000000000 2
696 1216 3 8192 2.000000000 2
700 100 3 8192 2.000000000 2
700 120 3 8192 2.000000000 2
700 224 3 8192 2.000000000 2
700 456 3 8192 2.000000000 2
700 1036 3 8192 2.000000000 2
700 1276 3 8192 2.000000000 2
704 68 3 8192 2.000000000 2
704 96 3 8192 2.000000000 2
704 136 3 8192 2.000000000 2
704 144 3 8192 2.000000000 2
704 460 3 8192 2.000000000 2
704 840 3 8192 2.000000000 2
708 60 3 8192 2.000000000 2
708 204 3 8192 2.000000000 2
708 240 3 8192 2.000000000 2
708 444 3 8192 2.000000000 2
708 460 3 8192 2.000000000 2
708 548 3 8192 2.000000000 2
708 640 3 8192 2.000000000 2
708 724 3 8192 2.000000000 2
708 756 3 8192 2.000000000 2
708 824 3 8192 2.000000000 2
708 948 3 8192 2.000000000 2
708 1004 3 8192 2.000000000 2
708 1204 3 8192 2.000000000 2
708 1236 3 8192 2.000000000 2
712 84 3 8192 2.000000000 2
712 320 3 8192 2.000000000 2
712 328 3 8192 2.000000000 2
712 804 3 8192 2.000000000 2
712 860 3 8192 2.000000000 2
712 1104 3 8192 2.000000000 2
716 312 3 8192 2.000000000 2
716 364 3 8192 2.000000000 2
716 384 3 8192 2.000000000 2
716 392 3 8192 2.000000000 2
716 700 3 8192 2.000000000 2
716 1032 3 8192 2.000000000 2
716 1128 3 8192 2.000000000 2
724 468 3 8192 2.000000000 2
724 496 3 8192 2.000000000 2
724 732 3 8192 2.000000000 2
724 936 3 8192 2.000000000 2
724 960 3 8192 2.000000000 2
724 1064 3 8192 2.000000000 2
724 1092 3 8192 2.000000000 2
728 24 3 8192 2.000000000 2
728 220 3 8192 2.000000000 2
728 300 3 8192 2.000000000 2
728 1032 3 8192 2.000000000 2
728 1156 3 8192 2.000000000 2
728 1260 3 8192 2.000000000 2
732 468 3 8192 2.000000000 2
732 756 3 8192 2.000000000 2
732 840 3 8192 2.000000000 2
732 1128 3 8192 2.000000000 2
736 0 3 8192 2.000000000 2
736 44 3 8192 2.000000000 2
736 480 3 8192 2.000000000 2
736 528 3 8192 2.000000000 2
736 676 3 8192 2.000000000 2
736 860 3 8192 2.000000000 2
736 980 3 8192 2.000000000 2
744 64 3 8192 2.000000000 2
744 104 3 8192 2.000000000 2
744 136 3 8192 2.000000000 2
744 152 3 8192 2.000000000 2
744 212 3 8192 2.000000000 2
744 220 3 8192 2.000000000 2
744 320 3 8192 2.000000000 2
744 348 3 8192 2.000000000 2
744 428 3 8192 2.000000000 2
744 500 3 8192 2.000000000 2
744 508 3 8192 2.000000000 2
744 696 3 8192 2.000000000 2
744 724 3 8192 2.000000000 2
744 832 3 8192 2.000000000 2
744 1100 3 8192 2.000000000 2
744 1148 3 8192 2.000000000 2
752 4 3 8192 2.000000000 2
752 288 3 8192 2.000000000 2
752 296 3 8192 2.000000000 2
752 320 3 8192 2.000000000 2
752 488 3 8192 2.000000000 2
752 536 3 8192 2.000000000 2
752 608 3 8192 2.000000000 2
752 696 3 8192 2.000000000 2
756 12 3 8192 2.000000000 2
756 180 3 8192 2.000000000 2
756 316 3 8192 2.000000000 2
756 432 3 8192 2.000000000 2
756 444 3 8192 2.000000000 2
756 448 3 8192 2.000000000 2
756 588 3 8192 2.000000000 2
756 768 3 8192 2.000000000 2
756 832 3 8192 2.000000000 2
760 72 3 8192 2.000000000 2
760 124 3 8192 2.000000000 2
760 204 3 8192 2.000000000 2
760 220 3 8192 2.000000000 2
760 296 3 8192 2.000000000 2
760 392 3 8192 2.000000000 2
760 520 3 8192 2.000000000 2
760 644 3 8192 2.000000000 2
760 728 3 8192 2.000000000 2
760 1076 3 8192 2.000000000 2
760 1164 3 8192 2.000000000 2
760 1224 3 8192 2.000000000 2
760 1244 3 8192 2.000000000 2
760 1260 3 8192 2.000000000 2
768 12 3 8192 2.000000000 2
768 16 3 8192 2.000000000 2
768 208 3 8192 2.000000000 2
768 300 3 8192 2.000000000 2
768 444 3 8192 2.000000000 2
768 460 3 8192 2.000000000 2
768 480 3 8192 2.000000000 2
768 588 3 8192 2.000000000 2
768 696 3 8192 2.000000000 2
768 700 3 8192 2.000000000 2
768 840 3 8192 2.000000000 2
768 872 3 8192 2.000000000 2
768 1088 3 8192 2.000000000 2
768 1224 3 8192 2.000000000 2
780 304 3 8192 2.000000000 2
780 360 3 8192 2.000000000 2
780 840 3 8192 2.000000000 2
780 960 3 8192 2.000000000 2
780 1128 3 8192 2.000000000 2
780 1236 3 8192 2.000000000 2
780 1256 3 8192 2.000000000 2
784 84 3 8192 2.000000000 2
784 180 3 8192 2.000000000 2
784 264 3 8192 2.000000000 2
784 288 3 8192 2.000000000 2
784 480 3 8192 2.000000000 2
784 516 3 8192 2.000000000 2
784 556 3 8192 2.000000000 2
784 1036 3 8192 2.000000000 2
784 1068 3 8192 2.000000000 2
784 1228 3 8192 2.000000000 2
792 104 3 8192 2.000000000 2
792 184 3 8192 2.000000000 2
792 420 3 8192 2.000000000 2
792 488 3 8192 2.000000000 2
792 492 3 8192 2.000000000 2
792 1200 3 8192 2.000000000 2
796 292 3 8192 2.000000000 2
796 460 3 8192 2.000000000 2
796 508 3 8192 2.000000000 2
796 660 3 8192 2.000000000 2
796 736 3 8192 2.000000000 2
796 852 3 8192 2.000000000 2
796 1068 3 8192 2.000000000 2
796 1276 3 8192 2.000000000 2
800 24 3 8192 2.000000000 2
800 80 3 8192 2.000000000 2
800 148 3 8192 2.000000000 2
800 208 3 8192 2.000000000 2
800 212 3 8192 2.000000000 2
800 376 3 8192 2.000000000 2
800 644 3 8192 2.000000000 2
800 660 3 8192 2.000000000 2
800 848 3 8192 2.000000000 2
800 1068 3 8192 2.000000000 2
800 1072 3 8192 2.000000000 2
804 204 3 8192 2.000000000 2
804 244 3 8192 2.000000000 2
804 448 3 8192 2.000000000 2
804 512 3 8192 2.000000000 2
804 604 3 8192 2.000000000 2
804 644 3 8192 2.000000000 2
804 668 3 8192 2.000000000 2
804 724 3 8192 2.000000000 2
804 864 3 8192 2.000000000 2
804 896 3 8192 2.000000000 2
804 972 3 8192 2.000000000 2
808 0 3 8192 2.000000000 2
808 212 3 8192 2.000000000 2
808 228 3 8192 2.000000000 2
808 448 3 8192 2.000000000 2
808 600 3 8192 2.000000000 2
808 780 3 8192 2.000000000 2
808 944 3 8192 2.000000000 2
808 948 3 8192 2.000000000 2
808 1232 3 8192 2.000000000 2
808 1240 3 8192 2.000000000 2
812 8 3 8192 2.000000000 2
812 208 3 8192 2.000000000 2
812 432 3 8192 2.000000000 2
812 524 3 8192 2.000000000 2
812 632 3 8192 2.000000000 2
812 756 3 8192 2.000000000 2
812 864 3 8192 2.000000000 2
812 880 3 8192 2.000000000 2
812 888 3 8192 2.000000000 2
812 892 3 8192 2.000000000 2
812 980 3 8192 2.000000000 2
812 1156 3 8192 2.000000000 2
816 16 3 8192 2.000000000 2
816 40 3 8192 2.000000000 2
816 500 3 8192 2.000000000 2
816 724 3 8192 2.000000000 2
816 760 3 8192 2.000000000 2
816 996 3 8192 2.000000000 2
816 1052 3 8192 2.000000000 2
820 224 3 8192 2.000000000 2
820 256 3 8192 2.000000000 2
820 280 3 8192 2.000000000 2
820 464 3 8192 2.000000000 2
820 484 3 8192 2.000000000 2
820 488 3 8192 2.000000000 2
820 796 3 8192 2.000000000 2
820 812 3 8192 2.000000000 2
820 1020 3 8192 2.000000000 2
820 1032 3 8192 2.000000000 2
820 1064 3 8192 2.000000000 2
820 1112 3 8192 2.000000000 2
820 1276 3 8192 2.000000000 2
824 4 3 8192 2.000000000 2
824 40 3 8192 2.000000000 2
824 148 3 8192 2.000000000 2
824 208 3 8192 2.000000000 2
824 264 3 8192 2.000000000 2
824 480 3 8192 2.000000000 2
824 664 3 8192 2.000000000 2
824 948 3 8192 2.000000000 2
824 1104 3 8192 2.000000000 2
824 1128 3 8192 2.000000000 2
824 1164 3 8192 2.000000000 2
824 1172 3 8192 2.000000000 2
824 1232 3 8192 2.000000000 2
832 100 3 8192 2.000000000 2
832 272 3 8192 2.000000000 2
832 516 3 8192 2.000000000 2
832 520 3 8192 2.000000000 2
832 572 3 8192 2.000000000 2
832 580 3 8192 2.000000000 2
832 676 3 8192 2.000000000 2
832 1048 3 8192 2.000000000 2
832 1052 3 8192 2.000000000 2
832 1084 3 8192 2.000000000 2
832 1216 3 8192 2.000000000 2
836 84 3 8192 2.000000000 2
836 96 3 8192 2.000000000 2
836 252 3 8192 2.000000000 2
836 292 3 8192 2.000000000 2
836 608 3 8192 2.000000000 2
836 644 3 8192 2.000000000 2
836 916 3 8192 2.000000000 2
840 68 3 8192 2.000000000 2
840 124 3 8192 2.000000000 2
840 152 3 8192 2.000000000 2
840 196 3 8192 2.000000000 2
840 348 3 8192 2.000000000 2
840 444 3 8192 2.000000000 2
840 568 3 8192 2.000000000 2
840 760 3 8192 2.000000000 2
840 796 3 8192 2.000000000 2
840 1012 3 8192 2.000000000 2
840 1236 3 8192 2.000000000 2
840 1260 3 8192 2.000000000 2
848 300 3 8192 2.000000000 2
848 468 3 8192 2.000000000 2
848 600 3 8192 2.000000000 2
848 708 3 8192 2.000000000 2
848 812 3 8192 2.000000000 2
848 868 3 8192 2.000000000 2
848 916 3 8192 2.000000000 2
848 1028 3 8192 2.000000000 2
848 1272 3 8192 2.000000000 2
852 264 3 8192 2.000000000 2
852 472 3 8192 2.000000000 2
852 508 3 8192 2.000000000 2
852 520 3 8192 2.000000000 2
852 760 3 8192 2.000000000 2
852 920 3 8192 2.000000000 2
852 928 3 8192 2.000000000 2
852 948 3 8192 2.000000000 2
852 1264 3 8192 2.000000000 2
860 324 3 8192 2.000000000 2
860 384 3 8192 2.000000000 2
860 528 3 8192 2.000000000 2
860 732 3 8192 2.000000000 2
860 752 3 8192 2.000000000 2
860 896 3 8192 2.000000000 2
860 1200 3 8192 2.000000000 2
860 1232 3 8192 2.000000000 2
864 512 3 8192 2.000000000 2
864 532 3 8192 2.000000000 2
864 624 3 8192 2.000000000 2
864 812 3 8192 2.000000000 2
864 840 3 8192 2.000000000 2
864 920 3 8192 2.000000000 2
864 1020 3 8192 2.000000000 2
864 1056 3 8192 2.000000000 2
864 1104 3 8192 2.000000000 2
864 1188 3 8192 2.000000000 2
868 288 3 8192 2.000000000 2
868 592 3 8192 2.000000000 2
868 616 3 8192 2.000000000 2
868 668 3 8192 2.000000000 2
868 876 3 8192 2.000000000 2
868 1112 3 8192 2.000000000 2
868 1188 3 8192 2.000000000 2
868 1196 3 8192 2.000000000 2
872 60 3 8192 2.000000000 2
872 524 3 8192 2.000000000 2
872 684 3 8192 2.000000000 2
872 752 3 8192 2.000000000 2
872 1004 3 8192 2.000000000 2
872 1140 3 8192 2.000000000 2
872 1236 3 8192 2.000000000 2
876 156 3 8192 2.000000000 2
876 204 3 8192 2.000000000 2
876 228 3 8192 2.000000000 2
876 320 3 8192 2.000000000 2
876 384 3 8192 2.000000000 2
876 948 3 8192 2.000000000 2
876 1032 3 8192 2.000000000 2
876 1100 3 8192 2.000000000 2
876 1136 3 8192 2.000000000 2
876 1172 3 8192 2.000000000 2
876 1212 3 8192 2.000000000 2
880 172 3 8192 2.000000000 2
880 288 3 8192 2.000000000 2
880 292 3 8192 2.000000000 2
880 352 3 8192 2.000000000 2
880 572 3 8192 2.000000000 2
880 724 3 8192 2.000000000 2
880 1032 3 8192 2.000000000 2
880 1168 3 8192 2.000000000 2
880 1204 3 8192 2.000000000 2
884 20 3 8192 2.000000000 2
884 76 3 8192 2.000000000 2
884 100 3 8192 2.000000000 2
884 144 3 8192 2.000000000 2
884 508 3 8192 2.000000000 2
884 1220 3 8192 2.000000000 2
888 288 3 8192 2.000000000 2
888 312 3 8192 2.000000000 2
888 1068 3 8192 2.000000000 2
888 1092 3 8192 2.000000000 2
888 1096 3 8192 2.000000000 2
888 1172 3 8192 2.000000000 2
888 1240 3 8192 2.000000000 2
892 84 3 8192 2.000000000 2
892 156 3 8192 2.000000000 2
892 276 3 8192 2.000000000 2
892 420 3 8192 2.000000000 2
892 468 3 8192 2.000000000 2
892 600 3 8192 2.000000000 2
892 692 3 8192 2.000000000 2
892 996 3 8192 2.000000000 2
892 1024 3 8192 2.000000000 2
896 44 3 8192 2.000000000 2
896 316 3 8192 2.000000000 2
896 344 3 8192 2.000000000 2
896 548 3 8192 2.000000000 2
896 632 3 8192 2.000000000 2
896 808 3 8192 2.000000000 2
896 980 3 8192 2.000000000 2
896 1088 3 8192 2.000000000 2
900 64 3 8192 2.000000000 2
900 120 3 8192 2.000000000 2
900 560 3 8192 2.000000000 2
900 672 3 8192 2.000000000 2
900 816 3 8192 2.000000000 2
900 872 3 8192 2.000000000 2
900 1084 3 8192 2.000000000 2
900 1116 3 8192 2.000000000 2
904 296 3 8192 2.000000000 2
904 500 3 8192 2.000000000 2
904 608 3 8192 2.000000000 2
904 884 3 8192 2.000000000 2
904 1260 3 8192 2.000000000 2
912 136 3 8192 2.000000000 2
912 448 3 8192 2.000000000 2
912 624 3 8192 2.000000000 2
912 832 3 8192 2.000000000 2
912 936 3 8192 2.000000000 2
912 996 3 8192 2.000000000 2
912 1052 3 8192 2.000000000 2
912 1088 3 8192 2.000000000 2
912 1164 3 8192 2.000000000 2
912 1276 3 8192 2.000000000 2
916 136 3 8192 2.000000000 2
916 224 3 8192 2.000000000 2
916 256 3 8192 2.000000000 2
916 276 3 8192 2.000000000 2
916 316 3 8192 2.000000000 2
916 440 3 8192 2.000000000 2
916 504 3 8192 2.000000000 2
916 556 3 8192 2.000000000 2
916 824 3 8192 2.000000000 2
916 1036 3 8192 2.000000000 2
916 1060 3 8192 2.000000000 2
916 1068 3 8192 2.000000000 2
916 1152 3 8192 2.000000000 2
916 1168 3 8192 2.000000000 2
916 1172 3 8192 2.000000000 2
920 524 3 8192 2.000000000 2
920 532 3 8192 2.000000000 2
920 608 3 8192 2.000000000 2
920 672 3 8192 2.000000000 2
920 820 3 8192 2.000000000 2
920 1008 3 8192 2.000000000 2
920 1196 3 8192 2.000000000 2
920 1264 3 8192 2.000000000 2
928 304 3 8192 2.000000000 2
928 528 3 8192 2.000000000 2
928 684 3 8192 2.000000000 2
928 700 3 8192 2.000000000 2
936 208 3 8192 2.000000000 2
936 244 3 8192 2.000000000 2
936 460 3 8192 2.000000000 2
936 472 3 8192 2.000000000 2
936 560 3 8192 2.000000000 2
936 572 3 8192 2.000000000 2
936 824 3 8192 2.000000000 2
936 840 3 8192 2.000000000 2
936 1008 3 8192 2.000000000 2
936 1064 3 8192 2.000000000 2
936 1128 3 8192 2.000000000 2
940 144 3 8192 2.000000000 2
940 164 3 8192 2.000000000 2
940 180 3 8192 2.000000000 2
940 496 3 8192 2.000000000 2
940 972 3 8192 2.000000000 2
940 1128 3 8192 2.000000000 2
944 468 3 8192 2.000000000 2
944 904 3 8192 2.000000000 2
944 916 3 8192 2.000000000 2
944 940 3 8192 2.000000000 2
948 200 3 8192 2.000000000 2
960 240 3 8192 2.000000000 2
960 504 3 8192 2.000000000 2
960 556 3 8192 2.000000000 2
960 1072 3 8192 2.000000000 2
960 1156 3 8192 2.000000000 2
960 1220 3 8192 2.000000000 2
964 4 3 8192 2.000000000 2
964 100 3 8192 2.000000000 2
964 136 3 8192 2.000000000 2
964 228 3 8192 2.000000000 2
964 288 3 8192 2.000000000 2
964 320 3 8192 2.000000000 2
964 440 3 8192 2.000000000 2
964 596 3 8192 2.000000000 2
964 704 3 8192 2.000000000 2
964 768 3 8192 2.000000000 2
964 796 3 8192 2.000000000 2
964 1004 3 8192 2.000000000 2
964 1036 3 8192 2.000000000 2
964 1132 3 8192 2.000000000 2
968 100 3 8192 2.000000000 2
968 200 3 8192 2.000000000 2
968 692 3 8192 2.000000000 2
968 728 3 8192 2.000000000 2
968 752 3 8192 2.000000000 2
968 1048 3 8192 2.000000000 2
968 1060 3 8192 2.000000000 2
968 1164 3 8192 2.000000000 2
968 1240 3 8192 2.000000000 2
972 208 3 8192 2.000000000 2
972 420 3 8192 2.000000000 2
972 532 3 8192 2.000000000 2
972 604 3 8192 2.000000000 2
972 704 3 8192 2.000000000 2
972 780 3 8192 2.000000000 2
972 1132 3 8192 2.000000000 2
972 1228 3 8192 2.000000000 2
980 0 3 8192 2.000000000 2
980 80 3 8192 2.000000000 2
980 148 3 8192 2.000000000 2
980 220 3 8192 2.000000000 2
980 512 3 8192 2.000000000 2
980 548 3 8192 2.000000000 2
980 604 3 8192 2.000000000 2
980 756 3 8192 2.000000000 2
980 872 3 8192 2.000000000 2
980 900 3 8192 2.000000000 2
980 940 3 8192 2.000000000 2
980 1008 3 8192 2.000000000 2
980 1024 3 8192 2.000000000 2
980 1272 3 8192 2.000000000 2
984 4 3 8192 2.000000000 2
984 196 3 8192 2.000000000 2
984 208 3 8192 2.000000000 2
984 640 3 8192 2.000000000 2
984 660 3 8192 2.000000000 2
984 1188 3 8192 2.000000000 2
988 64 3 8192 2.000000000 2
988 100 3 8192 2.000000000 2
988 316 3 8192 2.000000000 2
988 516 3 8192 2.000000000 2
988 876 3 8192 2.000000000 2
988 968 3 8192 2.000000000 2
988 1260 3 8192 2.000000000 2
996 40 3 8192 2.000000000 2
996 84 3 8192 2.000000000 2
996 240 3 8192 2.000000000 2
996 296 3 8192 2.000000000 2
996 660 3 8192 2.000000000 2
996 780 3 8192 2.000000000 2
996 1008 3 8192 2.000000000 2
996 1112 3 8192 2.000000000 2
996 1196 3 8192 2.000000000 2
996 1232 3 8192 2.000000000 2
1004 144 3 8192 2.000000000 2
1004 200 3 8192 2.000000000 2
1004 236 3 8192 2.000000000 2
1004 420 3 8192 2.000000000 2
1004 492 3 8192 2.000000000 2
1004 640 3 8192 2.000000000 2
1004 644 3 8192 2.000000000 2
1004 652 3 8192 2.000000000 2
1004 916 3 8192 2.000000000 2
1004 940 3 8192 2.000000000 2
1004 1228 3 8192 2.000000000 2
1008 220 3 8192 2.000000000 2
1008 236 3 8192 2.000000000 2
1008 368 3 8192 2.000000000 2
1008 440 3 8192 2.000000000 2
1008 488 3 8192 2.000000000 2
1008 524 3 8192 2.000000000 2
1008 712 3 8192 2.000000000 2
1008 724 3 8192 2.000000000 2
1008 912 3 8192 2.000000000 2
1008 928 3 8192 2.000000000 2
1012 428 3 8192 2.000000000 2
1012 604 3 8192 2.000000000 2
1012 664 3 8192 2.000000000 2
1012 696 3 8192 2.000000000 2
1012 980 3 8192 2.000000000 2
1012 1080 3 8192 2.000000000 2
1012 1116 3 8192 2.000000000 2
1012 1260 3 8192 2.000000000 2
1020 32 3 8192 2.000000000 2
1020 60 3 8192 2.000000000 2
1020 252 3 8192 2.000000000 2
1020 304 3 8192 2.000000000 2
1020 480 3 8192 2.000000000 2
1020 964 3 8192 2.000000000 2
1020 1216 3 8192 2.000000000 2
1020 1252 3 8192 2.000000000 2
1024 324 3 8192 2.000000000 2
1024 480 3 8192 2.000000000 2
1024 700 3 8192 2.000000000 2
1024 872 3 8192 2.000000000 2
1024 960 3 8192 2.000000000 2
1024 1156 3 8192 2.000000000 2
1028 16 3 8192 2.000000000 2
1028 84 3 8192 2.000000000 2
1028 96 3 8192 2.000000000 2
1028 232 3 8192 2.000000000 2
1028 500 3 8192 2.000000000 2
1028 524 3 8192 2.000000000 2
1032 4 3 8192 2.000000000 2
1032 124 3 8192 2.000000000 2
1032 148 3 8192 2.000000000 2
1032 328 3 8192 2.000000000 2
1032 440 3 8192 2.000000000 2
1032 476 3 8192 2.000000000 2
1032 508 3 8192 2.000000000 2
1032 1120 3 8192 2.000000000 2
1036 260 3 8192 2.000000000 2
1036 744 3 8192 2.000000000 2
1036 880 3 8192 2.000000000 2
1036 1204 3 8192 2.000000000 2
1036 1216 3 8192 2.000000000 2
1048 160 3 8192 2.000000000 2
1048 196 3 8192 2.000000000 2
1048 440 3 8192 2.000000000 2
1048 608 3 8192 2.000000000 2
1048 784 3 8192 2.000000000 2
1048 892 3 8192 2.000000000 2
1048 1092 3 8192 2.000000000 2
1048 1136 3 8192 2.000000000 2
1048 1172 3 8192 2.000000000 2
1048 1224 3 8192 2.000000000 2
1052 172 3 8192 2.000000000 2
1052 236 3 8192 2.000000000 2
1052 288 3 8192 2.000000000 2
1052 376 3 8192 2.000000000 2
1052 448 3 8192 2.000000000 2
1052 544 3 8192 2.000000000 2
1052 580 3 8192 2.000000000 2
1052 608 3 8192 2.000000000 2
1052 820 3 8192 2.000000000 2
1052 1080 3 8192 2.000000000 2
1052 1220 3 8192 2.000000000 2
1052 1236 3 8192 2.000000000 2
1056 44 3 8192 2.000000000 2
1056 180 3 8192 2.000000000 2
1056 264 3 8192 2.000000000 2
1056 500 3 8192 2.000000000 2
1056 572 3 8192 2.000000000 2
1056 728 3 8192 2.000000000 2
1056 860 3 8192 2.000000000 2
1056 920 3 8192 2.000000000 2
1056 1064 3 8192 2.000000000 2
1056 1164 3 8192 2.000000000 2
1056 1192 3 8192 2.000000000 2
1056 1220 3 8192 2.000000000 2
1056 1224 3 8192 2.000000000 2
1056 1240 3 8192 2.000000000 2
1060 100 3 8192 2.000000000 2
1060 136 3 8192 2.000000000 2
1060 152 3 8192 2.000000000 2
1060 344 3 8192 2.000000000 2
1060 444 3 8192 2.000000000 2
1060 664 3 8192 2.000000000 2
1060 1028 3 8192 2.000000000 2
1060 1212 3 8192 2.000000000 2
1060 1220 3 8192 2.000000000 2
1064 268 3 8192 2.000000000 2
1064 896 3 8192 2.000000000 2
1064 1116 3 8192 2.000000000 2
1064 1172 3 8192 2.000000000 2
1064 1176 3 8192 2.000000000 2
1068 304 3 8192 2.000000000 2
1068 652 3 8192 2.000000000 2
1068 676 3 8192 2.000000000 2
1068 704 3 8192 2.000000000 2
1068 732 3 8192 2.000000000 2
1068 1152 3 8192 2.000000000 2
1072 16 3 8192 2.000000000 2
1072 348 3 8192 2.000000000 2
1072 676 3 8192 2.000000000 2
1072 712 3 8192 2.000000000 2
1072 820 3 8192 2.000000000 2
1072 832 3 8192 2.000000000 2
1072 852 3 8192 2.000000000 2
1072 872 3 8192 2.000000000 2
1072 964 3 8192 2.000000000 2
1072 1096 3 8192 2.000000000 2
1072 1136 3 8192 2.000000000 2
1072 1184 3 8192 2.000000000 2
1076 136 3 8192 2.000000000 2
1076 504 3 8192 2.000000000 2
1076 604 3 8192 2.000000000 2
1076 652 3 8192 2.000000000 2
1076 664 3 8192 2.000000000 2
1076 676 3 8192 2.000000000 2
1076 768 3 8192 2.000000000 2
1076 1128 3 8192 2.000000000 2
1076 1132 3 8192 2.000000000 2
1076 1140 3 8192 2.000000000 2
1076 1220 3 8192 2.000000000 2
1076 1228 3 8192 2.000000000 2
1080 136 3 8192 2.000000000 2
1080 172 3 8192 2.000000000 2
1080 408 3 8192 2.000000000 2
1080 552 3 8192 2.000000000 2
1080 716 3 8192 2.000000000 2
1080 732 3 8192 2.000000000 2
1080 996 3 8192 2.000000000 2
1080 1060 3 8192 2.000000000 2
1080 1228 3 8192 2.000000000 2
1084 20 3 8192 2.000000000 2
1084 216 3 8192 2.000000000 2
1084 316 3 8192 2.000000000 2
1084 348 3 8192 2.000000000 2
1084 492 3 8192 2.000000000 2
1084 708 3 8192 2.000000000 2
1084 936 3 8192 2.000000000 2
1084 1216 3 8192 2.000000000 2
1084 1272 3 8192 2.000000000 2
1088 104 3 8192 2.000000000 2
1088 256 3 8192 2.000000000 2
1088 260 3 8192 2.000000000 2
1088 892 3 8192 2.000000000 2
1088 960 3 8192 2.000000000 2
1088 972 3 8192 2.000000000 2
1088 1036 3 8192 2.000000000 2
1088 1252 3 8192 2.000000000 2
1092 20 3 8192 2.000000000 2
1092 148 3 8192 2.000000000 2
1092 432 3 8192 2.000000000 2
1092 460 3 8192 2.000000000 2
1092 640 3 8192 2.000000000 2
1092 700 3 8192 2.000000000 2
1092 916 3 8192 2.000000000 2
1092 928 3 8192 2.000000000 2
1092 1052 3 8192 2.000000000 2
1092 1072 3 8192 2.000000000 2
1092 1200 3 8192 2.000000000 2
1092 1252 3 8192 2.000000000 2
1092 1256 3 8192 2.000000000 2
1096 72 3 8192 2.000000000 2
1096 272 3 8192 2.000000000 2
1096 280 3 8192 2.000000000 2
1096 460 3 8192 2.000000000 2
1096 464 3 8192 2.000000000 2
1096 480 3 8192 2.000000000 2
1096 596 3 8192 2.000000000 2
1096 676 3 8192 2.000000000 2
1096 1072 3 8192 2.000000000 2
1096 1076 3 8192 2.000000000 2
1100 48 3 8192 2.000000000 2
1100 84 3 8192 2.000000000 2
1100 236 3 8192 2.000000000 2
1100 348 3 8192 2.000000000 2
1100 396 3 8192 2.000000000 2
1100 556 3 8192 2.000000000 2
1100 732 3 8192 2.000000000 2
1100 744 3 8192 2.000000000 2
1100 760 3 8192 2.000000000 2
1100 916 3 8192 2.000000000 2
1100 960 3 8192 2.000000000 2
1100 1164 3 8192 2.000000000 2
1100 1224 3 8192 2.000000000 2
1100 1264 3 8192 2.000000000 2
1100 1276 3 8192 2.000000000 2
1104 208 3 8192 2.000000000 2
1104 312 3 8192 2.000000000 2
1104 468 3 8192 2.000000000 2
1104 520 3 8192 2.000000000 2
1104 876 3 8192 2.000000000 2
1104 892 3 8192 2.000000000 2
1112 64 3 8192 2.000000000 2
1112 84 3 8192 2.000000000 2
1112 324 3 8192 2.000000000 2
1112 344 3 8192 2.000000000 2
1112 352 3 8192 2.000000000 2
1112 440 3 8192 2.000000000 2
1112 468 3 8192 2.000000000 2
1112 512 3 8192 2.000000000 2
1112 696 3 8192 2.000000000 2
1112 708 3 8192 2.000000000 2
1112 852 3 8192 2.000000000 2
1112 912 3 8192 2.000000000 2
1112 996 3 8192 2.000000000 2
1112 1244 3 8192 2.000000000 2
1116 64 3 8192 2.000000000 2
1116 76 3 8192 2.000000000 2
1116 100 3 8192 2.000000000 2
1116 132 3 8192 2.000000000 2
1116 208 3 8192 2.000000000 2
1116 232 3 8192 2.000000000 2
1116 512 3 8192 2.000000000 2
1116 728 3 8192 2.000000000 2
1116 936 3 8192 2.000000000 2
1116 944 3 8192 2.000000000 2
1116 1092 3 8192 2.000000000 2
1116 1276 3 8192 2.000000000 2
1120 16 3 8192 2.000000000 2
1120 448 3 8192 2.000000000 2
1120 616 3 8192 2.000000000 2
1120 700 3 8192 2.000000000 2
1120 984 3 8192 2.000000000 2
1128 20 3 8192 2.000000000 2
1128 236 3 8192 2.000000000 2
1128 276 3 8192 2.000000000 2
1128 432 3 8192 2.000000000 2
1128 440 3 8192 2.000000000 2
1128 484 3 8192 2.000000000 2
1128 712 3 8192 2.000000000 2
1128 724 3 8192 2.000000000 2
1128 1004 3 8192 2.000000000 2
1128 1048 3 8192 2.000000000 2
1128 1172 3 8192 2.000000000 2
1128 1232 3 8192 2.000000000 2
1132 40 3 8192 2.000000000 2
1132 552 3 8192 2.000000000 2
1132 580 3 8192 2.000000000 2
1132 624 3 8192 2.000000000 2
1132 808 3 8192 2.000000000 2
1132 1008 3 8192 2.000000000 2
1132 1096 3 8192 2.000000000 2
1132 1196 3 8192 2.000000000 2
1132 1228 3 8192 2.000000000 2
1132 1256 3 8192 2.000000000 2
1132 1276 3 8192 2.000000000 2
1136 24 3 8192 2.000000000 2
1136 40 3 8192 2.000000000 2
1136 144 3 8192 2.000000000 2
1136 180 3 8192 2.000000000 2
1136 296 3 8192 2.000000000 2
1136 504 3 8192 2.000000000 2
1136 536 3 8192 2.000000000 2
1136 568 3 8192 2.000000000 2
1136 688 3 8192 2.000000000 2
1136 768 3 8192 2.000000000 2
1136 892 3 8192 2.000000000 2
1136 972 3 8192 2.000000000 2
1136 1084 3 8192 2.000000000 2
1136 1168 3 8192 2.000000000 2
1136 1172 3 8192 2.000000000 2
1140 184 3 8192 2.000000000 2
1140 252 3 8192 2.000000000 2
1140 268 3 8192 2.000000000 2
1140 440 3 8192 2.000000000 2
1140 512 3 8192 2.000000000 2
1140 652 3 8192 2.000000000 2
1140 812 3 8192 2.000000000 2
1140 1056 3 8192 2.000000000 2
1140 1068 3 8192 2.000000000 2
1140 1228 3 8192 2.000000000 2
1148 296 3 8192 2.000000000 2
1148 312 3 8192 2.000000000 2
1148 660 3 8192 2.000000000 2
1148 752 3 8192 2.000000000 2
1148 1032 3 8192 2.000000000 2
1152 60 3 8192 2.000000000 2
1152 256 3 8192 2.000000000 2
1152 408 3 8192 2.000000000 2
1152 508 3 8192 2.000000000 2
1152 608 3 8192 2.000000000 2
1152 640 3 8192 2.000000000 2
1152 868 3 8192 2.000000000 2
1152 996 3 8192 2.000000000 2
1152 1244 3 8192 2.000000000 2
1156 456 3 8192 2.000000000 2
1156 600 3 8192 2.000000000 2
1156 800 3 8192 2.000000000 2
1156 904 3 8192 2.000000000 2
1156 944 3 8192 2.000000000 2
1156 1004 3 8192 2.000000000 2
1156 1012 3 8192 2.000000000 2
1156 1024 3 8192 2.000000000 2
1156 1084 3 8192 2.000000000 2
1156 1200 3 8192 2.000000000 2
1160 100 3 8192 2.000000000 2
1160 184 3 8192 2.000000000 2
1160 224 3 8192 2.000000000 2
1160 272 3 8192 2.000000000 2
1160 328 3 8192 2.000000000 2
1160 536 3 8192 2.000000000 2
1160 808 3 8192 2.000000000 2
1160 904 3 8192 2.000000000 2
1160 1072 3 8192 2.000000000 2
1160 1076 3 8192 2.000000000 2
1164 120 3 8192 2.000000000 2
1164 148 3 8192 2.000000000 2
1164 196 3 8192 2.000000000 2
1164 216 3 8192 2.000000000 2
1164 252 3 8192 2.000000000 2
1164 508 3 8192 2.000000000 2
1164 792 3 8192 2.000000000 2
1164 800 3 8192 2.000000000 2
1164 820 3 8192 2.000000000 2
1164 928 3 8192 2.000000000 2
1164 1004 3 8192 2.000000000 2
1164 1172 3 8192 2.000000000 2
1164 1240 3 8192 2.000000000 2
1168 40 3 8192 2.000000000 2
1168 716 3 8192 2.000000000 2
1168 848 3 8192 2.000000000 2
1168 1200 3 8192 2.000000000 2
1168 1216 3 8192 2.000000000 2
1168 1224 3 8192 2.000000000 2
1172 384 3 8192 2.000000000 2
1172 804 3 8192 2.000000000 2
1172 864 3 8192 2.000000000 2
1172 980 3 8192 2.000000000 2
1172 984 3 8192 2.000000000 2
1172 1056 3 8192 2.000000000 2
1172 1076 3 8192 2.000000000 2
1172 1132 3 8192 2.000000000 2
1172 1220 3 8192 2.000000000 2
1176 8 3 8192 2.000000000 2
1176 204 3 8192 2.000000000 2
1176 660 3 8192 2.000000000 2
1176 760 3 8192 2.000000000 2
1176 904 3 8192 2.000000000 2
1176 984 3 8192 2.000000000 2
1176 1068 3 8192 2.000000000 2
1176 1164 3 8192 2.000000000 2
1184 516 3 8192 2.000000000 2
1184 588 3 8192 2.000000000 2
1184 640 3 8192 2.000000000 2
1184 712 3 8192 2.000000000 2
1184 760 3 8192 2.000000000 2
1184 912 3 8192 2.000000000 2
1184 1052 3 8192 2.000000000 2
1184 1068 3 8192 2.000000000 2
1188 104 3 8192 2.000000000 2
1188 180 3 8192 2.000000000 2
1188 304 3 8192 2.000000000 2
1188 324 3 8192 2.000000000 2
1188 596 3 8192 2.000000000 2
1188 640 3 8192 2.000000000 2
1188 912 3 8192 2.000000000 2
1188 968 3 8192 2.000000000 2
1188 988 3 8192 2.000000000 2
1192 76 3 8192 2.000000000 2
1192 80 3 8192 2.000000000 2
1192 164 3 8192 2.000000000 2
1192 476 3 8192 2.000000000 2
1192 580 3 8192 2.000000000 2
1192 832 3 8192 2.000000000 2
1192 980 3 8192 2.000000000 2
1192 996 3 8192 2.000000000 2
1192 1064 3 8192 2.000000000 2
1196 40 3 8192 2.000000000 2
1196 80 3 8192 2.000000000 2
1196 236 3 8192 2.000000000 2
1196 324 3 8192 2.000000000 2
1196 396 3 8192 2.000000000 2
1196 496 3 8192 2.000000000 2
1196 792 3 8192 2.000000000 2
1196 904 3 8192 2.000000000 2
1196 1076 3 8192 2.000000000 2
1196 1156 3 8192 2.000000000 2
1196 1276 3 8192 2.000000000 2
1200 132 3 8192 2.000000000 2
1200 316 3 8192 2.000000000 2
1200 500 3 8192 2.000000000 2
1200 692 3 8192 2.000000000 2
1200 728 3 8192 2.000000000 2
1200 864 3 8192 2.000000000 2
1200 1020 3 8192 2.000000000 2
1200 1264 3 8192 2.000000000 2
1204 0 3 8192 2.000000000 2
1204 48 3 8192 2.000000000 2
1204 72 3 8192 2.000000000 2
1204 264 3 8192 2.000000000 2
1204 352 3 8192 2.000000000 2
1204 604 3 8192 2.000000000 2
1204 768 3 8192 2.000000000 2
1204 848 3 8192 2.000000000 2
1204 872 3 8192 2.000000000 2
1204 1112 3 8192 2.000000000 2
1204 1156 3 8192 2.000000000 2
1212 252 3 8192 2.000000000 2
1212 256 3 8192 2.000000000 2
1212 420 3 8192 2.000000000 2
1212 480 3 8192 2.000000000 2
1212 536 3 8192 2.000000000 2
1212 624 3 8192 2.000000000 2
1212 876 3 8192 2.000000000 2
1212 940 3 8192 2.000000000 2
1212 948 3 8192 2.000000000 2
1212 1104 3 8192 2.000000000 2
1216 68 3 8192 2.000000000 2
1216 144 3 8192 2.000000000 2
1216 368 3 8192 2.000000000 2
1216 560 3 8192 2.000000000 2
1216 1028 3 8192 2.000000000 2
1216 1096 3 8192 2.000000000 2
1220 76 3 8192 2.000000000 2
1220 96 3 8192 2.000000000 2
1220 728 3 8192 2.000000000 2
1220 1056 3 8192 2.000000000 2
1220 1072 3 8192 2.000000000 2
1220 1216 3 8192 2.000000000 2
1224 228 3 8192 2.000000000 2
1224 236 3 8192 2.000000000 2
1224 412 3 8192 2.000000000 2
1224 440 3 8192 2.000000000 2
1224 496 3 8192 2.000000000 2
1224 596 3 8192 2.000000000 2
1224 660 3 8192 2.000000000 2
1224 724 3 8192 2.000000000 2
1224 1068 3 8192 2.000000000 2
1228 52 3 8192 2.000000000 2
1228 120 3 8192 2.000000000 2
1228 460 3 8192 2.000000000 2
1228 552 3 8192 2.000000000 2
1228 652 3 8192 2.000000000 2
1228 732 3 8192 2.000000000 2
1228 804 3 8192 2.000000000 2
1228 1020 3 8192 2.000000000 2
1228 1204 3 8192 2.000000000 2
1232 208 3 8192 2.000000000 2
1232 596 3 8192 2.000000000 2
1232 792 3 8192 2.000000000 2
1232 900 3 8192 2.000000000 2
1232 1068 3 8192 2.000000000 2
1232 1136 3 8192 2.000000000 2
1236 228 3 8192 2.000000000 2
1236 240 3 8192 2.000000000 2
1236 360 3 8192 2.000000000 2
1236 412 3 8192 2.000000000 2
1236 488 3 8192 2.000000000 2
1236 692 3 8192 2.000000000 2
1236 744 3 8192 2.000000000 2
1236 812 3 8192 2.000000000 2
1236 820 3 8192 2.000000000 2
1236 940 3 8192 2.000000000 2
1236 1012 3 8192 2.000000000 2
1236 1028 3 8192 2.000000000 2
1236 1052 3 8192 2.000000000 2
1236 1068 3 8192 2.000000000 2
1240 52 3 8192 2.000000000 2
1240 444 3 8192 2.000000000 2
1240 660 3 8192 2.000000000 2
1240 760 3 8192 2.000000000 2
1240 936 3 8192 2.000000000 2
1240 1072 3 8192 2.000000000 2
1244 88 3 8192 2.000000000 2
1244 312 3 8192 2.000000000 2
1244 444 3 8192 2.000000000 2
1244 1004 3 8192 2.000000000 2
1244 1076 3 8192 2.000000000 2
1244 1216 3 8192 2.000000000 2
1252 68 3 8192 2.000000000 2
1252 96 3 8192 2.000000000 2
1252 184 3 8192 2.000000000 2
1252 280 3 8192 2.000000000 2
1252 520 3 8192 2.000000000 2
1252 568 3 8192 2.000000000 2
1252 672 3 8192 2.000000000 2
1252 796 3 8192 2.000000000 2
1252 816 3 8192 2.000000000 2
1252 884 3 8192 2.000000000 2
1252 896 3 8192 2.000000000 2
1256 32 3 8192 2.000000000 2
1256 44 3 8192 2.000000000 2
1256 196 3 8192 2.000000000 2
1256 240 3 8192 2.000000000 2
1256 268 3 8192 2.000000000 2
1256 300 3 8192 2.000000000 2
1256 460 3 8192 2.000000000 2
1256 520 3 8192 2.000000000 2
1256 608 3 8192 2.000000000 2
1256 664 3 8192 2.000000000 2
1256 860 3 8192 2.000000000 2
1256 944 3 8192 2.000000000 2
1256 1112 3 8192 2.000000000 2
1256 1152 3 8192 2.000000000 2
1256 1176 3 8192 2.000000000 2
1260 504 3 8192 2.000000000 2
1260 548 3 8192 2.000000000 2
1260 596 3 8192 2.000000000 2
1260 604 3 8192 2.000000000 2
1260 668 3 8192 2.000000000 2
1260 744 3 8192 2.000000000 2
1260 876 3 8192 2.000000000 2
1264 68 3 8192 2.000000000 2
1264 200 3 8192 2.000000000 2
1264 244 3 8192 2.000000000 2
1264 320 3 8192 2.000000000 2
1264 512 3 8192 2.000000000 2
1264 600 3 8192 2.000000000 2
1264 640 3 8192 2.000000000 2
1264 1216 3 8192 2.000000000 2
1264 1252 3 8192 2.000000000 2
1272 780 3 8192 2.000000000 2
1272 836 3 8192 2.000000000 2
1272 928 3 8192 2.000000000 2
1272 936 3 8192 2.000000000 2
1272 1008 3 8192 2.000000000 2
1272 1092 3 8192 2.000000000 2
1272 1100 3 8192 2.000000000 2
1276 264 3 8192 2.000000000 2
1276 292 3 8192 2.000000000 2
1276 784 3 8192 2.000000000 2
1276 824 3 8192 2.000000000 2
1276 848 3 8192 2.000000000 2
1276 896 3 8192 2.000000000 2
1276 904 3 8192 2.000000000 2
1276 1136 3 8192 2.000000000 2
1276 1244 3 8192 2.000000000 2
1276 1264 3 8192 2.000000000 2
