260
612 56 3 8388608 2.000000000 1
648 636 3 8388608 2.000000000 1
188 36 3 8388608 2.000000000 1
340 748 3 8388608 2.000000000 1
12 296 3 8192 2.000000000 2
16 596 3 8192 2.000000000 2
20 700 3 8192 2.000000000 2
24 672 3 8192 2.000000000 2
32 796 3 8192 2.000000000 2
32 1032 3 8192 2.000000000 2
60 756 3 8192 2.000000000 2
60 1256 3 8192 2.000000000 2
64 92 3 8192 2.000000000 2
64 1148 3 8192 2.000000000 2
68 508 3 8192 2.000000000 2
68 1192 3 8192 2.000000000 2
72 456 3 8192 2.000000000 2
72 780 3 8192 2.000000000 2
84 1096 3 8192 2.000000000 2
96 300 3 8192 2.000000000 2
108 172 3 8192 2.000000000 2
120 312 3 8192 2.000000000 2
120 516 3 8192 2.000000000 2
124 84 3 8192 2.000000000 2
136 560 3 8192 2.000000000 2
144 76 3 8192 2.000000000 2
144 204 3 8192 2.000000000 2
144 232 3 8192 2.000000000 2
152 524 3 8192 2.000000000 2
152 592 3 8192 2.000000000 2
152 1036 3 8192 2.000000000 2
156 820 3 8192 2.000000000 2
156 984 3 8192 2.000000000 2
164 572 3 8192 2.000000000 2
172 376 3 8192 2.000000000 2
180 312 3 8192 2.000000000 2
180 544 3 8192 2.000000000 2
180 1156 3 8192 2.000000000 2
184 256 3 8192 2.000000000 2
196 1004 3 8192 2.000000000 2
204 972 3 8192 2.000000000 2
220 448 3 8192 2.000000000 2
220 1204 3 8192 2.000000000 2
228 1276 3 8192 2.000000000 2
232 668 3 8192 2.000000000 2
232 1068 3 8192 2.000000000 2
236 1160 3 8192 2.000000000 2
252 632 3 8192 2.000000000 2
256 232 3 8192 2.000000000 2
256 544 3 8192 2.000000000 2
260 988 3 8192 2.000000000 2
264 148 3 8192 2.000000000 2
264 196 3 8192 2.000000000 2
264 728 3 8192 2.000000000 2
264 1028 3 8192 2.000000000 2
268 460 3 8192 2.000000000 2
268 832 3 8192 2.000000000 2
272 1156 3 8192 2.000000000 2
276 732 3 8192 2.000000000 2
300 488 3 8192 2.000000000 2
300 688 3 8192 2.000000000 2
300 972 3 8192 2.000000000 2
312 88 3 8192 2.000000000 2
312 120 3 8192 2.000000000 2
316 1112 3 8192 2.000000000 2
316 1244 3 8192 2.000000000 2
324 528 3 8192 2.000000000 2
324 1244 3 8192 2.000000000 2
328 1244 3 8192 2.000000000 2
344 156 3 8192 2.000000000 2
344 172 3 8192 2.000000000 2
344 276 3 8192 2.000000000 2
348 456 3 8192 2.000000000 2
348 1188 3 8192 2.000000000 2
360 820 3 8192 2.000000000 2
364 312 3 8192 2.000000000 2
364 428 3 8192 2.000000000 2
364 1244 3 8192 2.000000000 2
368 460 3 8192 2.000000000 2
368 732 3 8192 2.000000000 2
384 68 3 8192 2.000000000 2
384 408 3 8192 2.000000000 2
384 488 3 8192 2.000000000 2
384 660 3 8192 2.000000000 2
384 824 3 8192 2.000000000 2
392 556 3 8192 2.000000000 2
408 812 3 8192 2.000000000 2
412 384 3 8192 2.000000000 2
424 596 3 8192 2.000000000 2
424 1080 3 8192 2.000000000 2
432 472 3 8192 2.000000000 2
432 644 3 8192 2.000000000 2
440 148 3 8192 2.000000000 2
440 912 3 8192 2.000000000 2
444 300 3 8192 2.000000000 2
456 492 3 8192 2.000000000 2
460 456 3 8192 2.000000000 2
464 224 3 8192 2.000000000 2
464 1088 3 8192 2.000000000 2
468 16 3 8192 2.000000000 2
472 744 3 8192 2.000000000 2
476 460 3 8192 2.000000000 2
476 552 3 8192 2.000000000 2
480 1192 3 8192 2.000000000 2
484 624 3 8192 2.000000000 2
488 848 3 8192 2.000000000 2
492 588 3 8192 2.000000000 2
496 12 3 8192 2.000000000 2
500 864 3 8192 2.000000000 2
500 984 3 8192 2.000000000 2
500 1244 3 8192 2.000000000 2
504 876 3 8192 2.000000000 2
508 664 3 8192 2.000000000 2
524 984 3 8192 2.000000000 2
528 904 3 8192 2.000000000 2
532 280 3 8192 2.000000000 2
532 1076 3 8192 2.000000000 2
532 1136 3 8192 2.000000000 2
536 556 3 8192 2.000000000 2
544 64 3 8192 2.000000000 2
544 148 3 8192 2.000000000 2
556 644 3 8192 2.000000000 2
556 1120 3 8192 2.000000000 2
580 300 3 8192 2.000000000 2
588 396 3 8192 2.000000000 2
596 316 3 8192 2.000000000 2
600 1008 3 8192 2.000000000 2
608 1216 3 8192 2.000000000 2
616 212 3 8192 2.000000000 2
616 1064 3 8192 2.000000000 2
624 644 3 8192 2.000000000 2
644 328 3 8192 2.000000000 2
644 424 3 8192 2.000000000 2
652 644 3 8192 2.000000000 2
660 116 3 8192 2.000000000 2
664 260 3 8192 2.000000000 2
664 396 3 8192 2.000000000 2
664 1128 3 8192 2.000000000 2
672 1168 3 8192 2.000000000 2
676 1228 3 8192 2.000000000 2
684 280 3 8192 2.000000000 2
688 712 3 8192 2.000000000 2
696 484 3 8192 2.000000000 2
700 100 3 8192 2.000000000 2
708 756 3 8192 2.000000000 2
708 824 3 8192 2.000000000 2
708 1236 3 8192 2.000000000 2
724 732 3 8192 2.000000000 2
728 1260 3 8192 2.000000000 2
736 860 3 8192 2.000000000 2
752 288 3 8192 2.000000000 2
760 392 3 8192 2.000000000 2
760 1244 3 8192 2.000000000 2
768 696 3 8192 2.000000000 2
768 1088 3 8192 2.000000000 2
780 304 3 8192 2.000000000 2
784 1228 3 8192 2.000000000 2
792 1200 3 8192 2.000000000 2
796 460 3 8192 2.000000000 2
796 508 3 8192 2.000000000 2
800 212 3 8192 2.000000000 2
800 644 3 8192 2.000000000 2
804 204 3 8192 2.000000000 2
804 896 3 8192 2.000000000 2
808 228 3 8192 2.000000000 2
808 944 3 8192 2.000000000 2
812 864 3 8192 2.000000000 2
816 996 3 8192 2.000000000 2
820 1032 3 8192 2.000000000 2
824 4 3 8192 2.000000000 2
832 272 3 8192 2.000000000 2
832 580 3 8192 2.000000000 2
836 96 3 8192 2.000000000 2
848 812 3 8192 2.000000000 2
852 948 3 8192 2.000000000 2
864 512 3 8192 2.000000000 2
864 532 3 8192 2.000000000 2
864 1056 3 8192 2.000000000 2
864 1188 3 8192 2.000000000 2
868 1188 3 8192 2.000000000 2
868 1196 3 8192 2.000000000 2
876 320 3 8192 2.000000000 2
880 288 3 8192 2.000000000 2
892 84 3 8192 2.000000000 2
892 420 3 8192 2.000000000 2
892 692 3 8192 2.000000000 2
892 996 3 8192 2.000000000 2
892 1024 3 8192 2.000000000 2
896 808 3 8192 2.000000000 2
904 884 3 8192 2.000000000 2
912 996 3 8192 2.000000000 2
912 1088 3 8192 2.000000000 2
916 136 3 8192 2.000000000 2
916 440 3 8192 2.000000000 2
916 1172 3 8192 2.000000000 2
920 1264 3 8192 2.000000000 2
928 528 3 8192 2.000000000 2
936 560 3 8192 2.000000000 2
940 164 3 8192 2.000000000 2
944 468 3 8192 2.000000000 2
960 556 3 8192 2.000000000 2
964 4 3 8192 2.000000000 2
964 288 3 8192 2.000000000 2
964 768 3 8192 2.000000000 2
968 1240 3 8192 2.000000000 2
980 80 3 8192 2.000000000 2
980 148 3 8192 2.000000000 2
984 660 3 8192 2.000000000 2
996 40 3 8192 2.000000000 2
1004 200 3 8192 2.000000000 2
1004 236 3 8192 2.000000000 2
1012 604 3 8192 2.000000000 2
1020 252 3 8192 2.000000000 2
1028 84 3 8192 2.000000000 2
1048 160 3 8192 2.000000000 2
1048 608 3 8192 2.000000000 2
1048 784 3 8192 2.000000000 2
1052 172 3 8192 2.000000000 2
1052 1080 3 8192 2.000000000 2
1068 1152 3 8192 2.000000000 2
1072 872 3 8192 2.000000000 2
1072 1136 3 8192 2.000000000 2
1072 1184 3 8192 2.000000000 2
1076 604 3 8192 2.000000000 2
1080 172 3 8192 2.000000000 2
1080 732 3 8192 2.000000000 2
1088 104 3 8192 2.000000000 2
1092 148 3 8192 2.000000000 2
1100 396 3 8192 2.000000000 2
1112 352 3 8192 2.000000000 2
1112 912 3 8192 2.000000000 2
1128 1048 3 8192 2.000000000 2
1132 40 3 8192 2.000000000 2
1136 536 3 8192 2.000000000 2
1140 652 3 8192 2.000000000 2
1140 1228 3 8192 2.000000000 2
1152 1244 3 8192 2.000000000 2
1156 456 3 8192 2.000000000 2
1156 904 3 8192 2.000000000 2
1156 1004 3 8192 2.000000000 2
1156 1012 3 8192 2.000000000 2
1188 988 3 8192 2.000000000 2
1192 80 3 8192 2.000000000 2
1196 792 3 8192 2.000000000 2
1196 1276 3 8192 2.000000000 2
1200 864 3 8192 2.000000000 2
1204 48 3 8192 2.000000000 2
1212 252 3 8192 2.000000000 2
1212 480 3 8192 2.000000000 2
1216 68 3 8192 2.000000000 2
1216 1028 3 8192 2.000000000 2
1224 236 3 8192 2.000000000 2
1228 1204 3 8192 2.000000000 2
1236 240 3 8192 2.000000000 2
1236 360 3 8192 2.000000000 2
1240 1072 3 8192 2.000000000 2
1256 1112 3 8192 2.000000000 2
1256 1152 3 8192 2.000000000 2
1272 780 3 8192 2.000000000 2
1272 936 3 8192 2.000000000 2
