256
8 88 3 8192 2.000000000 2
8 200 3 8192 2.000000000 2
12 512 3 8192 2.000000000 2
12 600 3 8192 2.000000000 2
16 64 3 8192 2.000000000 2
16 512 3 8192 2.000000000 2
16 1048 3 8192 2.000000000 2
20 104 3 8192 2.000000000 2
20 672 3 8192 2.000000000 2
20 980 3 8192 2.000000000 2
24 300 3 8192 2.000000000 2
32 1216 3 8192 2.000000000 2
40 428 3 8192 2.000000000 2
40 572 3 8192 2.000000000 2
44 456 3 8192 2.000000000 2
44 1272 3 8192 2.000000000 2
48 536 3 8192 2.000000000 2
52 1064 3 8192 2.000000000 2
60 1256 3 8192 2.000000000 2
64 280 3 8192 2.000000000 2
64 532 3 8192 2.000000000 2
68 796 3 8192 2.000000000 2
72 276 3 8192 2.000000000 2
72 712 3 8192 2.000000000 2
88 92 3 8192 2.000000000 2
92 1052 3 8192 2.000000000 2
100 704 3 8192 2.000000000 2
100 1116 3 8192 2.000000000 2
120 160 3 8192 2.000000000 2
120 280 3 8192 2.000000000 2
124 568 3 8192 2.000000000 2
124 1172 3 8192 2.000000000 2
136 672 3 8192 2.000000000 2
144 180 3 8192 2.000000000 2
144 596 3 8192 2.000000000 2
148 1204 3 8192 2.000000000 2
152 364 3 8192 2.000000000 2
152 820 3 8192 2.000000000 2
152 1224 3 8192 2.000000000 2
164 1024 3 8192 2.000000000 2
180 640 3 8192 2.000000000 2
184 32 3 8192 2.000000000 2
184 444 3 8192 2.000000000 2
196 1004 3 8192 2.000000000 2
200 184 3 8192 2.000000000 2
204 1028 3 8192 2.000000000 2
212 448 3 8192 2.000000000 2
212 948 3 8192 2.000000000 2
216 1012 3 8192 2.000000000 2
216 1132 3 8192 2.000000000 2
220 964 3 8192 2.000000000 2
224 116 3 8192 2.000000000 2
224 296 3 8192 2.000000000 2
228 232 3 8192 2.000000000 2
228 316 3 8192 2.000000000 2
232 1068 3 8192 2.000000000 2
236 644 3 8192 2.000000000 2
244 496 3 8192 2.000000000 2
264 1100 3 8192 2.000000000 2
268 1024 3 8192 2.000000000 2
272 1088 3 8192 2.000000000 2
276 756 3 8192 2.000000000 2
280 644 3 8192 2.000000000 2
292 180 3 8192 2.000000000 2
296 468 3 8192 2.000000000 2
296 1096 3 8192 2.000000000 2
300 144 3 8192 2.000000000 2
300 1148 3 8192 2.000000000 2
304 352 3 8192 2.000000000 2
304 432 3 8192 2.000000000 2
312 544 3 8192 2.000000000 2
320 8 3 8192 2.000000000 2
320 48 3 8192 2.000000000 2
328 596 3 8192 2.000000000 2
352 848 3 8192 2.000000000 2
376 940 3 8192 2.000000000 2
376 1052 3 8192 2.000000000 2
384 964 3 8192 2.000000000 2
392 492 3 8192 2.000000000 2
396 528 3 8192 2.000000000 2
396 1132 3 8192 2.000000000 2
396 1176 3 8192 2.000000000 2
396 1244 3 8192 2.000000000 2
412 872 3 8192 2.000000000 2
420 1036 3 8192 2.000000000 2
432 644 3 8192 2.000000000 2
440 24 3 8192 2.000000000 2
440 816 3 8192 2.000000000 2
448 532 3 8192 2.000000000 2
456 212 3 8192 2.000000000 2
456 872 3 8192 2.000000000 2
460 104 3 8192 2.000000000 2
460 412 3 8192 2.000000000 2
464 544 3 8192 2.000000000 2
468 132 3 8192 2.000000000 2
472 316 3 8192 2.000000000 2
472 1200 3 8192 2.000000000 2
476 328 3 8192 2.000000000 2
480 100 3 8192 2.000000000 2
484 292 3 8192 2.000000000 2
484 520 3 8192 2.000000000 2
496 16 3 8192 2.000000000 2
496 600 3 8192 2.000000000 2
504 492 3 8192 2.000000000 2
504 832 3 8192 2.000000000 2
508 392 3 8192 2.000000000 2
516 936 3 8192 2.000000000 2
520 132 3 8192 2.000000000 2
520 784 3 8192 2.000000000 2
528 144 3 8192 2.000000000 2
528 964 3 8192 2.000000000 2
532 456 3 8192 2.000000000 2
532 1076 3 8192 2.000000000 2
536 1056 3 8192 2.000000000 2
536 1140 3 8192 2.000000000 2
552 524 3 8192 2.000000000 2
560 732 3 8192 2.000000000 2
568 616 3 8192 2.000000000 2
572 812 3 8192 2.000000000 2
588 408 3 8192 2.000000000 2
588 940 3 8192 2.000000000 2
592 496 3 8192 2.000000000 2
608 492 3 8192 2.000000000 2
608 1064 3 8192 2.000000000 2
616 1012 3 8192 2.000000000 2
616 1160 3 8192 2.000000000 2
624 1276 3 8192 2.000000000 2
632 1028 3 8192 2.000000000 2
632 1216 3 8192 2.000000000 2
640 392 3 8192 2.000000000 2
644 960 3 8192 2.000000000 2
652 556 3 8192 2.000000000 2
660 228 3 8192 2.000000000 2
664 1064 3 8192 2.000000000 2
668 88 3 8192 2.000000000 2
668 1008 3 8192 2.000000000 2
676 240 3 8192 2.000000000 2
688 444 3 8192 2.000000000 2
692 1200 3 8192 2.000000000 2
696 996 3 8192 2.000000000 2
700 100 3 8192 2.000000000 2
704 244 3 8192 2.000000000 2
704 792 3 8192 2.000000000 2
704 980 3 8192 2.000000000 2
708 464 3 8192 2.000000000 2
708 488 3 8192 2.000000000 2
712 208 3 8192 2.000000000 2
712 460 3 8192 2.000000000 2
712 1076 3 8192 2.000000000 2
716 824 3 8192 2.000000000 2
724 24 3 8192 2.000000000 2
724 984 3 8192 2.000000000 2
724 1104 3 8192 2.000000000 2
732 736 3 8192 2.000000000 2
732 1136 3 8192 2.000000000 2
736 196 3 8192 2.000000000 2
744 312 3 8192 2.000000000 2
744 508 3 8192 2.000000000 2
752 696 3 8192 2.000000000 2
756 132 3 8192 2.000000000 2
756 616 3 8192 2.000000000 2
760 408 3 8192 2.000000000 2
780 1272 3 8192 2.000000000 2
792 4 3 8192 2.000000000 2
796 164 3 8192 2.000000000 2
796 360 3 8192 2.000000000 2
796 852 3 8192 2.000000000 2
804 1256 3 8192 2.000000000 2
808 1232 3 8192 2.000000000 2
812 760 3 8192 2.000000000 2
832 144 3 8192 2.000000000 2
836 444 3 8192 2.000000000 2
848 708 3 8192 2.000000000 2
852 312 3 8192 2.000000000 2
864 1104 3 8192 2.000000000 2
864 1156 3 8192 2.000000000 2
880 68 3 8192 2.000000000 2
884 76 3 8192 2.000000000 2
884 1160 3 8192 2.000000000 2
888 496 3 8192 2.000000000 2
896 428 3 8192 2.000000000 2
900 1084 3 8192 2.000000000 2
920 292 3 8192 2.000000000 2
928 352 3 8192 2.000000000 2
928 1104 3 8192 2.000000000 2
936 552 3 8192 2.000000000 2
936 876 3 8192 2.000000000 2
944 72 3 8192 2.000000000 2
948 120 3 8192 2.000000000 2
948 804 3 8192 2.000000000 2
960 1120 3 8192 2.000000000 2
968 804 3 8192 2.000000000 2
968 1272 3 8192 2.000000000 2
972 352 3 8192 2.000000000 2
980 384 3 8192 2.000000000 2
996 96 3 8192 2.000000000 2
996 840 3 8192 2.000000000 2
1004 376 3 8192 2.000000000 2
1004 464 3 8192 2.000000000 2
1004 916 3 8192 2.000000000 2
1004 1244 3 8192 2.000000000 2
1024 324 3 8192 2.000000000 2
1024 904 3 8192 2.000000000 2
1028 1052 3 8192 2.000000000 2
1032 100 3 8192 2.000000000 2
1032 476 3 8192 2.000000000 2
1032 568 3 8192 2.000000000 2
1032 672 3 8192 2.000000000 2
1048 1068 3 8192 2.000000000 2
1052 1092 3 8192 2.000000000 2
1060 152 3 8192 2.000000000 2
1064 292 3 8192 2.000000000 2
1072 212 3 8192 2.000000000 2
1072 896 3 8192 2.000000000 2
1080 1060 3 8192 2.000000000 2
1084 736 3 8192 2.000000000 2
1088 716 3 8192 2.000000000 2
1088 796 3 8192 2.000000000 2
1088 1228 3 8192 2.000000000 2
1092 684 3 8192 2.000000000 2
1096 1060 3 8192 2.000000000 2
1100 568 3 8192 2.000000000 2
1100 700 3 8192 2.000000000 2
1112 796 3 8192 2.000000000 2
1116 424 3 8192 2.000000000 2
1116 1092 3 8192 2.000000000 2
1128 724 3 8192 2.000000000 2
1132 552 3 8192 2.000000000 2
1140 376 3 8192 2.000000000 2
1140 820 3 8192 2.000000000 2
1140 1152 3 8192 2.000000000 2
1148 1200 3 8192 2.000000000 2
1160 180 3 8192 2.000000000 2
1160 272 3 8192 2.000000000 2
1168 144 3 8192 2.000000000 2
1168 712 3 8192 2.000000000 2
1172 344 3 8192 2.000000000 2
1172 384 3 8192 2.000000000 2
1172 980 3 8192 2.000000000 2
1192 52 3 8192 2.000000000 2
1192 88 3 8192 2.000000000 2
1196 256 3 8192 2.000000000 2
1200 928 3 8192 2.000000000 2
1200 1236 3 8192 2.000000000 2
1204 1156 3 8192 2.000000000 2
1216 1092 3 8192 2.000000000 2
1220 156 3 8192 2.000000000 2
1220 420 3 8192 2.000000000 2
1224 440 3 8192 2.000000000 2
1224 1100 3 8192 2.000000000 2
1228 320 3 8192 2.000000000 2
1232 0 3 8192 2.000000000 2
1252 904 3 8192 2.000000000 2
1252 1152 3 8192 2.000000000 2
1260 508 3 8192 2.000000000 2
1272 224 3 8192 2.000000000 2
