2306
720 1144 3 8388608 2.000000000 1
992 636 3 8388608 2.000000000 1
0 108 3 8192 2.000000000 2
0 208 3 8192 2.000000000 2
0 216 3 8192 2.000000000 2
0 236 3 8192 2.000000000 2
0 316 3 8192 2.000000000 2
0 428 3 8192 2.000000000 2
0 596 3 8192 2.000000000 2
0 668 3 8192 2.000000000 2
0 760 3 8192 2.000000000 2
0 884 3 8192 2.000000000 2
0 896 3 8192 2.000000000 2
0 1028 3 8192 2.000000000 2
0 1232 3 8192 2.000000000 2
4 236 3 8192 2.000000000 2
4 256 3 8192 2.000000000 2
4 408 3 8192 2.000000000 2
4 964 3 8192 2.000000000 2
4 1200 3 8192 2.000000000 2
8 88 3 8192 2.000000000 2
8 200 3 8192 2.000000000 2
8 216 3 8192 2.000000000 2
8 316 3 8192 2.000000000 2
8 428 3 8192 2.000000000 2
8 884 3 8192 2.000000000 2
8 900 3 8192 2.000000000 2
8 1064 3 8192 2.000000000 2
8 1072 3 8192 2.000000000 2
8 1160 3 8192 2.000000000 2
12 268 3 8192 2.000000000 2
12 512 3 8192 2.000000000 2
12 600 3 8192 2.000000000 2
12 616 3 8192 2.000000000 2
12 644 3 8192 2.000000000 2
12 944 3 8192 2.000000000 2
12 1092 3 8192 2.000000000 2
12 1252 3 8192 2.000000000 2
16 64 3 8192 2.000000000 2
16 132 3 8192 2.000000000 2
16 512 3 8192 2.000000000 2
16 568 3 8192 2.000000000 2
16 588 3 8192 2.000000000 2
16 1048 3 8192 2.000000000 2
20 88 3 8192 2.000000000 2
20 104 3 8192 2.000000000 2
20 160 3 8192 2.000000000 2
20 256 3 8192 2.000000000 2
20 364 3 8192 2.000000000 2
20 456 3 8192 2.000000000 2
20 672 3 8192 2.000000000 2
20 980 3 8192 2.000000000 2
20 1136 3 8192 2.000000000 2
20 1184 3 8192 2.000000000 2
24 20 3 8192 2.000000000 2
24 220 3 8192 2.000000000 2
24 292 3 8192 2.000000000 2
24 300 3 8192 2.000000000 2
24 872 3 8192 2.000000000 2
24 876 3 8192 2.000000000 2
24 888 3 8192 2.000000000 2
24 920 3 8192 2.000000000 2
24 1020 3 8192 2.000000000 2
32 4 3 8192 2.000000000 2
32 40 3 8192 2.000000000 2
32 196 3 8192 2.000000000 2
32 560 3 8192 2.000000000 2
32 600 3 8192 2.000000000 2
32 816 3 8192 2.000000000 2
32 1004 3 8192 2.000000000 2
32 1080 3 8192 2.000000000 2
32 1216 3 8192 2.000000000 2
40 276 3 8192 2.000000000 2
40 392 3 8192 2.000000000 2
40 428 3 8192 2.000000000 2
40 548 3 8192 2.000000000 2
40 572 3 8192 2.000000000 2
44 456 3 8192 2.000000000 2
44 664 3 8192 2.000000000 2
44 724 3 8192 2.000000000 2
44 824 3 8192 2.000000000 2
44 1092 3 8192 2.000000000 2
44 1148 3 8192 2.000000000 2
44 1272 3 8192 2.000000000 2
48 120 3 8192 2.000000000 2
48 536 3 8192 2.000000000 2
48 1276 3 8192 2.000000000 2
52 40 3 8192 2.000000000 2
52 532 3 8192 2.000000000 2
52 588 3 8192 2.000000000 2
52 704 3 8192 2.000000000 2
52 796 3 8192 2.000000000 2
52 1012 3 8192 2.000000000 2
52 1064 3 8192 2.000000000 2
52 1184 3 8192 2.000000000 2
60 0 3 8192 2.000000000 2
60 312 3 8192 2.000000000 2
60 460 3 8192 2.000000000 2
60 592 3 8192 2.000000000 2
60 864 3 8192 2.000000000 2
60 1064 3 8192 2.000000000 2
60 1120 3 8192 2.000000000 2
60 1256 3 8192 2.000000000 2
64 88 3 8192 2.000000000 2
64 156 3 8192 2.000000000 2
64 172 3 8192 2.000000000 2
64 224 3 8192 2.000000000 2
64 280 3 8192 2.000000000 2
64 500 3 8192 2.000000000 2
64 532 3 8192 2.000000000 2
64 548 3 8192 2.000000000 2
64 672 3 8192 2.000000000 2
64 704 3 8192 2.000000000 2
64 760 3 8192 2.000000000 2
64 1120 3 8192 2.000000000 2
68 32 3 8192 2.000000000 2
68 184 3 8192 2.000000000 2
68 204 3 8192 2.000000000 2
68 496 3 8192 2.000000000 2
68 596 3 8192 2.000000000 2
68 796 3 8192 2.000000000 2
68 880 3 8192 2.000000000 2
68 1220 3 8192 2.000000000 2
68 1236 3 8192 2.000000000 2
68 1252 3 8192 2.000000000 2
72 88 3 8192 2.000000000 2
72 108 3 8192 2.000000000 2
72 164 3 8192 2.000000000 2
72 276 3 8192 2.000000000 2
72 712 3 8192 2.000000000 2
72 760 3 8192 2.000000000 2
72 832 3 8192 2.000000000 2
72 1028 3 8192 2.000000000 2
72 1072 3 8192 2.000000000 2
72 1128 3 8192 2.000000000 2
72 1252 3 8192 2.000000000 2
76 152 3 8192 2.000000000 2
76 328 3 8192 2.000000000 2
76 544 3 8192 2.000000000 2
76 552 3 8192 2.000000000 2
76 700 3 8192 2.000000000 2
76 1072 3 8192 2.000000000 2
76 1132 3 8192 2.000000000 2
80 8 3 8192 2.000000000 2
80 44 3 8192 2.000000000 2
80 252 3 8192 2.000000000 2
80 456 3 8192 2.000000000 2
80 588 3 8192 2.000000000 2
80 848 3 8192 2.000000000 2
80 884 3 8192 2.000000000 2
80 1084 3 8192 2.000000000 2
80 1092 3 8192 2.000000000 2
80 1132 3 8192 2.000000000 2
80 1212 3 8192 2.000000000 2
80 1240 3 8192 2.000000000 2
84 244 3 8192 2.000000000 2
84 272 3 8192 2.000000000 2
84 904 3 8192 2.000000000 2
84 912 3 8192 2.000000000 2
88 92 3 8192 2.000000000 2
88 328 3 8192 2.000000000 2
88 428 3 8192 2.000000000 2
88 588 3 8192 2.000000000 2
88 1252 3 8192 2.000000000 2
88 1260 3 8192 2.000000000 2
92 0 3 8192 2.000000000 2
92 48 3 8192 2.000000000 2
92 252 3 8192 2.000000000 2
92 560 3 8192 2.000000000 2
92 568 3 8192 2.000000000 2
92 916 3 8192 2.000000000 2
92 1052 3 8192 2.000000000 2
92 1164 3 8192 2.000000000 2
96 0 3 8192 2.000000000 2
96 196 3 8192 2.000000000 2
96 644 3 8192 2.000000000 2
96 808 3 8192 2.000000000 2
96 916 3 8192 2.000000000 2
100 72 3 8192 2.000000000 2
100 108 3 8192 2.000000000 2
100 132 3 8192 2.000000000 2
100 152 3 8192 2.000000000 2
100 164 3 8192 2.000000000 2
100 316 3 8192 2.000000000 2
100 508 3 8192 2.000000000 2
100 516 3 8192 2.000000000 2
100 536 3 8192 2.000000000 2
100 704 3 8192 2.000000000 2
100 1116 3 8192 2.000000000 2
100 1272 3 8192 2.000000000 2
104 12 3 8192 2.000000000 2
104 24 3 8192 2.000000000 2
104 172 3 8192 2.000000000 2
104 196 3 8192 2.000000000 2
104 208 3 8192 2.000000000 2
104 596 3 8192 2.000000000 2
104 780 3 8192 2.000000000 2
104 800 3 8192 2.000000000 2
104 948 3 8192 2.000000000 2
104 1024 3 8192 2.000000000 2
104 1088 3 8192 2.000000000 2
104 1156 3 8192 2.000000000 2
104 1232 3 8192 2.000000000 2
108 172 3 8192 2.000000000 2
108 180 3 8192 2.000000000 2
108 516 3 8192 2.000000000 2
108 552 3 8192 2.000000000 2
108 580 3 8192 2.000000000 2
108 600 3 8192 2.000000000 2
108 704 3 8192 2.000000000 2
108 892 3 8192 2.000000000 2
108 896 3 8192 2.000000000 2
108 972 3 8192 2.000000000 2
108 1152 3 8192 2.000000000 2
108 1192 3 8192 2.000000000 2
116 16 3 8192 2.000000000 2
116 64 3 8192 2.000000000 2
116 240 3 8192 2.000000000 2
116 344 3 8192 2.000000000 2
116 632 3 8192 2.000000000 2
116 1092 3 8192 2.000000000 2
116 1116 3 8192 2.000000000 2
116 1152 3 8192 2.000000000 2
116 1164 3 8192 2.000000000 2
116 1272 3 8192 2.000000000 2
120 76 3 8192 2.000000000 2
120 160 3 8192 2.000000000 2
120 280 3 8192 2.000000000 2
120 464 3 8192 2.000000000 2
120 688 3 8192 2.000000000 2
120 928 3 8192 2.000000000 2
120 1060 3 8192 2.000000000 2
124 196 3 8192 2.000000000 2
124 448 3 8192 2.000000000 2
124 516 3 8192 2.000000000 2
124 568 3 8192 2.000000000 2
124 624 3 8192 2.000000000 2
124 912 3 8192 2.000000000 2
124 984 3 8192 2.000000000 2
124 1032 3 8192 2.000000000 2
124 1164 3 8192 2.000000000 2
124 1172 3 8192 2.000000000 2
132 20 3 8192 2.000000000 2
132 212 3 8192 2.000000000 2
132 360 3 8192 2.000000000 2
132 412 3 8192 2.000000000 2
132 528 3 8192 2.000000000 2
132 616 3 8192 2.000000000 2
132 900 3 8192 2.000000000 2
132 1112 3 8192 2.000000000 2
132 1272 3 8192 2.000000000 2
136 12 3 8192 2.000000000 2
136 440 3 8192 2.000000000 2
136 644 3 8192 2.000000000 2
136 664 3 8192 2.000000000 2
136 672 3 8192 2.000000000 2
136 808 3 8192 2.000000000 2
136 872 3 8192 2.000000000 2
136 928 3 8192 2.000000000 2
136 1104 3 8192 2.000000000 2
136 1148 3 8192 2.000000000 2
136 1164 3 8192 2.000000000 2
136 1232 3 8192 2.000000000 2
136 1256 3 8192 2.000000000 2
144 96 3 8192 2.000000000 2
144 180 3 8192 2.000000000 2
144 220 3 8192 2.000000000 2
144 348 3 8192 2.000000000 2
144 560 3 8192 2.000000000 2
144 596 3 8192 2.000000000 2
148 212 3 8192 2.000000000 2
148 220 3 8192 2.000000000 2
148 768 3 8192 2.000000000 2
148 968 3 8192 2.000000000 2
148 1048 3 8192 2.000000000 2
148 1156 3 8192 2.000000000 2
148 1172 3 8192 2.000000000 2
148 1204 3 8192 2.000000000 2
148 1252 3 8192 2.000000000 2
152 88 3 8192 2.000000000 2
152 132 3 8192 2.000000000 2
152 364 3 8192 2.000000000 2
152 692 3 8192 2.000000000 2
152 820 3 8192 2.000000000 2
152 936 3 8192 2.000000000 2
152 1120 3 8192 2.000000000 2
152 1136 3 8192 2.000000000 2
152 1224 3 8192 2.000000000 2
156 408 3 8192 2.000000000 2
156 460 3 8192 2.000000000 2
156 872 3 8192 2.000000000 2
156 1112 3 8192 2.000000000 2
156 1140 3 8192 2.000000000 2
160 264 3 8192 2.000000000 2
160 384 3 8192 2.000000000 2
160 424 3 8192 2.000000000 2
160 476 3 8192 2.000000000 2
160 480 3 8192 2.000000000 2
160 560 3 8192 2.000000000 2
160 624 3 8192 2.000000000 2
160 652 3 8192 2.000000000 2
160 664 3 8192 2.000000000 2
160 816 3 8192 2.000000000 2
160 1056 3 8192 2.000000000 2
164 8 3 8192 2.000000000 2
164 88 3 8192 2.000000000 2
164 472 3 8192 2.000000000 2
164 560 3 8192 2.000000000 2
164 800 3 8192 2.000000000 2
164 904 3 8192 2.000000000 2
164 1024 3 8192 2.000000000 2
172 204 3 8192 2.000000000 2
172 472 3 8192 2.000000000 2
172 512 3 8192 2.000000000 2
172 652 3 8192 2.000000000 2
172 708 3 8192 2.000000000 2
172 824 3 8192 2.000000000 2
172 1088 3 8192 2.000000000 2
172 1112 3 8192 2.000000000 2
172 1148 3 8192 2.000000000 2
172 1160 3 8192 2.000000000 2
172 1176 3 8192 2.000000000 2
172 1192 3 8192 2.000000000 2
180 312 3 8192 2.000000000 2
180 588 3 8192 2.000000000 2
180 640 3 8192 2.000000000 2
180 904 3 8192 2.000000000 2
180 1080 3 8192 2.000000000 2
180 1120 3 8192 2.000000000 2
180 1148 3 8192 2.000000000 2
184 32 3 8192 2.000000000 2
184 164 3 8192 2.000000000 2
184 224 3 8192 2.000000000 2
184 252 3 8192 2.000000000 2
184 320 3 8192 2.000000000 2
184 392 3 8192 2.000000000 2
184 412 3 8192 2.000000000 2
184 444 3 8192 2.000000000 2
184 580 3 8192 2.000000000 2
184 672 3 8192 2.000000000 2
184 744 3 8192 2.000000000 2
184 1244 3 8192 2.000000000 2
184 1256 3 8192 2.000000000 2
196 12 3 8192 2.000000000 2
196 348 3 8192 2.000000000 2
196 964 3 8192 2.000000000 2
196 984 3 8192 2.000000000 2
196 1004 3 8192 2.000000000 2
196 1008 3 8192 2.000000000 2
196 1224 3 8192 2.000000000 2
200 184 3 8192 2.000000000 2
200 256 3 8192 2.000000000 2
200 492 3 8192 2.000000000 2
200 668 3 8192 2.000000000 2
200 1020 3 8192 2.000000000 2
200 1080 3 8192 2.000000000 2
204 44 3 8192 2.000000000 2
204 408 3 8192 2.000000000 2
204 572 3 8192 2.000000000 2
204 1012 3 8192 2.000000000 2
204 1028 3 8192 2.000000000 2
204 1060 3 8192 2.000000000 2
208 184 3 8192 2.000000000 2
208 272 3 8192 2.000000000 2
208 292 3 8192 2.000000000 2
208 408 3 8192 2.000000000 2
208 536 3 8192 2.000000000 2
208 804 3 8192 2.000000000 2
208 1224 3 8192 2.000000000 2
208 1232 3 8192 2.000000000 2
212 240 3 8192 2.000000000 2
212 420 3 8192 2.000000000 2
212 448 3 8192 2.000000000 2
212 676 3 8192 2.000000000 2
212 712 3 8192 2.000000000 2
212 948 3 8192 2.000000000 2
212 984 3 8192 2.000000000 2
212 1104 3 8192 2.000000000 2
212 1272 3 8192 2.000000000 2
216 24 3 8192 2.000000000 2
216 100 3 8192 2.000000000 2
216 212 3 8192 2.000000000 2
216 352 3 8192 2.000000000 2
216 696 3 8192 2.000000000 2
216 716 3 8192 2.000000000 2
216 1012 3 8192 2.000000000 2
216 1132 3 8192 2.000000000 2
216 1240 3 8192 2.000000000 2
220 32 3 8192 2.000000000 2
220 60 3 8192 2.000000000 2
220 184 3 8192 2.000000000 2
220 240 3 8192 2.000000000 2
220 272 3 8192 2.000000000 2
220 508 3 8192 2.000000000 2
220 568 3 8192 2.000000000 2
220 724 3 8192 2.000000000 2
220 920 3 8192 2.000000000 2
220 964 3 8192 2.000000000 2
220 1204 3 8192 2.000000000 2
224 52 3 8192 2.000000000 2
224 72 3 8192 2.000000000 2
224 116 3 8192 2.000000000 2
224 228 3 8192 2.000000000 2
224 296 3 8192 2.000000000 2
224 432 3 8192 2.000000000 2
224 488 3 8192 2.000000000 2
224 824 3 8192 2.000000000 2
224 1008 3 8192 2.000000000 2
224 1236 3 8192 2.000000000 2
228 4 3 8192 2.000000000 2
228 20 3 8192 2.000000000 2
228 232 3 8192 2.000000000 2
228 268 3 8192 2.000000000 2
228 316 3 8192 2.000000000 2
228 420 3 8192 2.000000000 2
228 608 3 8192 2.000000000 2
228 916 3 8192 2.000000000 2
228 1080 3 8192 2.000000000 2
228 1256 3 8192 2.000000000 2
232 244 3 8192 2.000000000 2
232 428 3 8192 2.000000000 2
232 668 3 8192 2.000000000 2
232 888 3 8192 2.000000000 2
232 1068 3 8192 2.000000000 2
232 1092 3 8192 2.000000000 2
232 1120 3 8192 2.000000000 2
236 136 3 8192 2.000000000 2
236 184 3 8192 2.000000000 2
236 204 3 8192 2.000000000 2
236 208 3 8192 2.000000000 2
236 300 3 8192 2.000000000 2
236 488 3 8192 2.000000000 2
236 524 3 8192 2.000000000 2
236 568 3 8192 2.000000000 2
236 640 3 8192 2.000000000 2
236 644 3 8192 2.000000000 2
236 792 3 8192 2.000000000 2
236 1172 3 8192 2.000000000 2
240 160 3 8192 2.000000000 2
240 224 3 8192 2.000000000 2
240 368 3 8192 2.000000000 2
240 864 3 8192 2.000000000 2
240 996 3 8192 2.000000000 2
240 1084 3 8192 2.000000000 2
244 152 3 8192 2.000000000 2
244 220 3 8192 2.000000000 2
244 444 3 8192 2.000000000 2
244 496 3 8192 2.000000000 2
244 668 3 8192 2.000000000 2
244 896 3 8192 2.000000000 2
244 1056 3 8192 2.000000000 2
244 1188 3 8192 2.000000000 2
252 200 3 8192 2.000000000 2
252 572 3 8192 2.000000000 2
252 660 3 8192 2.000000000 2
252 896 3 8192 2.000000000 2
252 1032 3 8192 2.000000000 2
252 1116 3 8192 2.000000000 2
252 1168 3 8192 2.000000000 2
252 1188 3 8192 2.000000000 2
252 1244 3 8192 2.000000000 2
256 96 3 8192 2.000000000 2
256 136 3 8192 2.000000000 2
256 156 3 8192 2.000000000 2
256 288 3 8192 2.000000000 2
256 544 3 8192 2.000000000 2
256 568 3 8192 2.000000000 2
256 896 3 8192 2.000000000 2
260 44 3 8192 2.000000000 2
260 164 3 8192 2.000000000 2
260 352 3 8192 2.000000000 2
260 376 3 8192 2.000000000 2
260 432 3 8192 2.000000000 2
260 464 3 8192 2.000000000 2
260 736 3 8192 2.000000000 2
260 800 3 8192 2.000000000 2
260 904 3 8192 2.000000000 2
260 1216 3 8192 2.000000000 2
264 40 3 8192 2.000000000 2
264 96 3 8192 2.000000000 2
264 148 3 8192 2.000000000 2
264 224 3 8192 2.000000000 2
264 280 3 8192 2.000000000 2
264 592 3 8192 2.000000000 2
264 712 3 8192 2.000000000 2
264 744 3 8192 2.000000000 2
264 1100 3 8192 2.000000000 2
264 1216 3 8192 2.000000000 2
264 1276 3 8192 2.000000000 2
268 24 3 8192 2.000000000 2
268 136 3 8192 2.000000000 2
268 608 3 8192 2.000000000 2
268 820 3 8192 2.000000000 2
268 832 3 8192 2.000000000 2
268 1024 3 8192 2.000000000 2
268 1056 3 8192 2.000000000 2
268 1156 3 8192 2.000000000 2
272 48 3 8192 2.000000000 2
272 384 3 8192 2.000000000 2
272 440 3 8192 2.000000000 2
272 876 3 8192 2.000000000 2
272 972 3 8192 2.000000000 2
272 1052 3 8192 2.000000000 2
272 1088 3 8192 2.000000000 2
272 1148 3 8192 2.000000000 2
272 1256 3 8192 2.000000000 2
276 20 3 8192 2.000000000 2
276 180 3 8192 2.000000000 2
276 420 3 8192 2.000000000 2
276 424 3 8192 2.000000000 2
276 732 3 8192 2.000000000 2
276 756 3 8192 2.000000000 2
276 840 3 8192 2.000000000 2
276 984 3 8192 2.000000000 2
276 1172 3 8192 2.000000000 2
280 48 3 8192 2.000000000 2
280 220 3 8192 2.000000000 2
280 240 3 8192 2.000000000 2
280 328 3 8192 2.000000000 2
280 376 3 8192 2.000000000 2
280 644 3 8192 2.000000000 2
280 792 3 8192 2.000000000 2
280 868 3 8192 2.000000000 2
280 876 3 8192 2.000000000 2
280 892 3 8192 2.000000000 2
280 1112 3 8192 2.000000000 2
280 1188 3 8192 2.000000000 2
280 1220 3 8192 2.000000000 2
280 1244 3 8192 2.000000000 2
288 40 3 8192 2.000000000 2
288 88 3 8192 2.000000000 2
288 268 3 8192 2.000000000 2
288 420 3 8192 2.000000000 2
288 476 3 8192 2.000000000 2
288 480 3 8192 2.000000000 2
288 668 3 8192 2.000000000 2
288 808 3 8192 2.000000000 2
288 904 3 8192 2.000000000 2
288 1164 3 8192 2.000000000 2
292 180 3 8192 2.000000000 2
292 1032 3 8192 2.000000000 2
292 1076 3 8192 2.000000000 2
296 184 3 8192 2.000000000 2
296 264 3 8192 2.000000000 2
296 288 3 8192 2.000000000 2
296 292 3 8192 2.000000000 2
296 364 3 8192 2.000000000 2
296 432 3 8192 2.000000000 2
296 468 3 8192 2.000000000 2
296 528 3 8192 2.000000000 2
296 1020 3 8192 2.000000000 2
296 1096 3 8192 2.000000000 2
296 1132 3 8192 2.000000000 2
300 52 3 8192 2.000000000 2
300 64 3 8192 2.000000000 2
300 144 3 8192 2.000000000 2
300 328 3 8192 2.000000000 2
300 484 3 8192 2.000000000 2
300 876 3 8192 2.000000000 2
300 1148 3 8192 2.000000000 2
304 268 3 8192 2.000000000 2
304 352 3 8192 2.000000000 2
304 424 3 8192 2.000000000 2
304 432 3 8192 2.000000000 2
304 524 3 8192 2.000000000 2
304 684 3 8192 2.000000000 2
304 768 3 8192 2.000000000 2
304 900 3 8192 2.000000000 2
304 944 3 8192 2.000000000 2
304 1260 3 8192 2.000000000 2
312 60 3 8192 2.000000000 2
312 180 3 8192 2.000000000 2
312 252 3 8192 2.000000000 2
312 512 3 8192 2.000000000 2
312 544 3 8192 2.000000000 2
312 704 3 8192 2.000000000 2
312 804 3 8192 2.000000000 2
312 1188 3 8192 2.000000000 2
312 1196 3 8192 2.000000000 2
312 1236 3 8192 2.000000000 2
316 12 3 8192 2.000000000 2
316 348 3 8192 2.000000000 2
316 376 3 8192 2.000000000 2
316 428 3 8192 2.000000000 2
316 580 3 8192 2.000000000 2
316 596 3 8192 2.000000000 2
316 1004 3 8192 2.000000000 2
320 8 3 8192 2.000000000 2
320 48 3 8192 2.000000000 2
320 124 3 8192 2.000000000 2
320 208 3 8192 2.000000000 2
320 220 3 8192 2.000000000 2
320 512 3 8192 2.000000000 2
320 744 3 8192 2.000000000 2
320 812 3 8192 2.000000000 2
320 1116 3 8192 2.000000000 2
324 48 3 8192 2.000000000 2
324 96 3 8192 2.000000000 2
324 276 3 8192 2.000000000 2
324 304 3 8192 2.000000000 2
324 468 3 8192 2.000000000 2
324 484 3 8192 2.000000000 2
324 544 3 8192 2.000000000 2
324 1020 3 8192 2.000000000 2
328 20 3 8192 2.000000000 2
328 524 3 8192 2.000000000 2
328 596 3 8192 2.000000000 2
328 768 3 8192 2.000000000 2
328 988 3 8192 2.000000000 2
328 1056 3 8192 2.000000000 2
328 1084 3 8192 2.000000000 2
328 1172 3 8192 2.000000000 2
328 1244 3 8192 2.000000000 2
344 84 3 8192 2.000000000 2
344 148 3 8192 2.000000000 2
344 212 3 8192 2.000000000 2
344 348 3 8192 2.000000000 2
344 672 3 8192 2.000000000 2
344 1024 3 8192 2.000000000 2
344 1032 3 8192 2.000000000 2
348 240 3 8192 2.000000000 2
348 256 3 8192 2.000000000 2
348 272 3 8192 2.000000000 2
348 688 3 8192 2.000000000 2
348 744 3 8192 2.000000000 2
348 1072 3 8192 2.000000000 2
348 1092 3 8192 2.000000000 2
348 1244 3 8192 2.000000000 2
352 32 3 8192 2.000000000 2
352 304 3 8192 2.000000000 2
352 316 3 8192 2.000000000 2
352 344 3 8192 2.000000000 2
352 500 3 8192 2.000000000 2
352 592 3 8192 2.000000000 2
352 652 3 8192 2.000000000 2
352 812 3 8192 2.000000000 2
352 840 3 8192 2.000000000 2
352 848 3 8192 2.000000000 2
352 872 3 8192 2.000000000 2
352 904 3 8192 2.000000000 2
352 1060 3 8192 2.000000000 2
352 1096 3 8192 2.000000000 2
352 1112 3 8192 2.000000000 2
352 1120 3 8192 2.000000000 2
352 1240 3 8192 2.000000000 2
352 1264 3 8192 2.000000000 2
360 4 3 8192 2.000000000 2
360 216 3 8192 2.000000000 2
360 268 3 8192 2.000000000 2
360 412 3 8192 2.000000000 2
360 448 3 8192 2.000000000 2
360 892 3 8192 2.000000000 2
360 1052 3 8192 2.000000000 2
364 164 3 8192 2.000000000 2
364 408 3 8192 2.000000000 2
364 468 3 8192 2.000000000 2
364 552 3 8192 2.000000000 2
364 784 3 8192 2.000000000 2
364 816 3 8192 2.000000000 2
364 1244 3 8192 2.000000000 2
368 96 3 8192 2.000000000 2
368 312 3 8192 2.000000000 2
368 524 3 8192 2.000000000 2
368 980 3 8192 2.000000000 2
376 364 3 8192 2.000000000 2
376 696 3 8192 2.000000000 2
376 812 3 8192 2.000000000 2
376 940 3 8192 2.000000000 2
376 968 3 8192 2.000000000 2
376 1052 3 8192 2.000000000 2
376 1060 3 8192 2.000000000 2
376 1196 3 8192 2.000000000 2
376 1236 3 8192 2.000000000 2
384 68 3 8192 2.000000000 2
384 288 3 8192 2.000000000 2
384 348 3 8192 2.000000000 2
384 496 3 8192 2.000000000 2
384 512 3 8192 2.000000000 2
384 516 3 8192 2.000000000 2
384 660 3 8192 2.000000000 2
384 964 3 8192 2.000000000 2
384 1156 3 8192 2.000000000 2
384 1196 3 8192 2.000000000 2
392 200 3 8192 2.000000000 2
392 268 3 8192 2.000000000 2
392 484 3 8192 2.000000000 2
392 492 3 8192 2.000000000 2
392 600 3 8192 2.000000000 2
392 972 3 8192 2.000000000 2
392 1004 3 8192 2.000000000 2
396 376 3 8192 2.000000000 2
396 408 3 8192 2.000000000 2
396 492 3 8192 2.000000000 2
396 524 3 8192 2.000000000 2
396 528 3 8192 2.000000000 2
396 552 3 8192 2.000000000 2
396 792 3 8192 2.000000000 2
396 848 3 8192 2.000000000 2
396 1132 3 8192 2.000000000 2
396 1176 3 8192 2.000000000 2
396 1244 3 8192 2.000000000 2
408 160 3 8192 2.000000000 2
408 448 3 8192 2.000000000 2
408 668 3 8192 2.000000000 2
408 832 3 8192 2.000000000 2
408 876 3 8192 2.000000000 2
408 1020 3 8192 2.000000000 2
408 1116 3 8192 2.000000000 2
408 1216 3 8192 2.000000000 2
412 4 3 8192 2.000000000 2
412 208 3 8192 2.000000000 2
412 508 3 8192 2.000000000 2
412 592 3 8192 2.000000000 2
412 724 3 8192 2.000000000 2
412 808 3 8192 2.000000000 2
412 860 3 8192 2.000000000 2
412 872 3 8192 2.000000000 2
412 880 3 8192 2.000000000 2
412 892 3 8192 2.000000000 2
420 68 3 8192 2.000000000 2
420 716 3 8192 2.000000000 2
420 888 3 8192 2.000000000 2
420 1036 3 8192 2.000000000 2
424 196 3 8192 2.000000000 2
424 236 3 8192 2.000000000 2
424 420 3 8192 2.000000000 2
424 484 3 8192 2.000000000 2
424 596 3 8192 2.000000000 2
424 804 3 8192 2.000000000 2
424 896 3 8192 2.000000000 2
424 900 3 8192 2.000000000 2
424 944 3 8192 2.000000000 2
424 1264 3 8192 2.000000000 2
428 180 3 8192 2.000000000 2
428 500 3 8192 2.000000000 2
428 632 3 8192 2.000000000 2
428 812 3 8192 2.000000000 2
428 1004 3 8192 2.000000000 2
432 504 3 8192 2.000000000 2
432 548 3 8192 2.000000000 2
432 560 3 8192 2.000000000 2
432 592 3 8192 2.000000000 2
432 644 3 8192 2.000000000 2
432 704 3 8192 2.000000000 2
432 964 3 8192 2.000000000 2
432 1012 3 8192 2.000000000 2
432 1132 3 8192 2.000000000 2
432 1168 3 8192 2.000000000 2
432 1256 3 8192 2.000000000 2
440 20 3 8192 2.000000000 2
440 24 3 8192 2.000000000 2
440 80 3 8192 2.000000000 2
440 116 3 8192 2.000000000 2
440 752 3 8192 2.000000000 2
440 784 3 8192 2.000000000 2
440 816 3 8192 2.000000000 2
440 832 3 8192 2.000000000 2
440 940 3 8192 2.000000000 2
440 1240 3 8192 2.000000000 2
444 300 3 8192 2.000000000 2
444 420 3 8192 2.000000000 2
444 456 3 8192 2.000000000 2
444 688 3 8192 2.000000000 2
444 820 3 8192 2.000000000 2
444 1156 3 8192 2.000000000 2
448 456 3 8192 2.000000000 2
448 460 3 8192 2.000000000 2
448 532 3 8192 2.000000000 2
448 864 3 8192 2.000000000 2
448 988 3 8192 2.000000000 2
448 1168 3 8192 2.000000000 2
456 96 3 8192 2.000000000 2
456 212 3 8192 2.000000000 2
456 464 3 8192 2.000000000 2
456 560 3 8192 2.000000000 2
456 736 3 8192 2.000000000 2
456 872 3 8192 2.000000000 2
456 1100 3 8192 2.000000000 2
456 1116 3 8192 2.000000000 2
456 1128 3 8192 2.000000000 2
456 1272 3 8192 2.000000000 2
460 104 3 8192 2.000000000 2
460 236 3 8192 2.000000000 2
460 288 3 8192 2.000000000 2
460 412 3 8192 2.000000000 2
460 600 3 8192 2.000000000 2
460 816 3 8192 2.000000000 2
460 940 3 8192 2.000000000 2
460 1008 3 8192 2.000000000 2
464 84 3 8192 2.000000000 2
464 152 3 8192 2.000000000 2
464 172 3 8192 2.000000000 2
464 200 3 8192 2.000000000 2
464 544 3 8192 2.000000000 2
464 724 3 8192 2.000000000 2
464 1012 3 8192 2.000000000 2
464 1088 3 8192 2.000000000 2
464 1244 3 8192 2.000000000 2
468 52 3 8192 2.000000000 2
468 132 3 8192 2.000000000 2
468 156 3 8192 2.000000000 2
468 240 3 8192 2.000000000 2
468 516 3 8192 2.000000000 2
468 692 3 8192 2.000000000 2
468 1136 3 8192 2.000000000 2
468 1228 3 8192 2.000000000 2
472 240 3 8192 2.000000000 2
472 304 3 8192 2.000000000 2
472 316 3 8192 2.000000000 2
472 364 3 8192 2.000000000 2
472 408 3 8192 2.000000000 2
472 500 3 8192 2.000000000 2
472 512 3 8192 2.000000000 2
472 1184 3 8192 2.000000000 2
472 1200 3 8192 2.000000000 2
476 4 3 8192 2.000000000 2
476 24 3 8192 2.000000000 2
476 48 3 8192 2.000000000 2
476 84 3 8192 2.000000000 2
476 104 3 8192 2.000000000 2
476 328 3 8192 2.000000000 2
476 668 3 8192 2.000000000 2
476 756 3 8192 2.000000000 2
480 84 3 8192 2.000000000 2
480 100 3 8192 2.000000000 2
480 116 3 8192 2.000000000 2
480 276 3 8192 2.000000000 2
480 596 3 8192 2.000000000 2
480 604 3 8192 2.000000000 2
480 1080 3 8192 2.000000000 2
484 84 3 8192 2.000000000 2
484 196 3 8192 2.000000000 2
484 292 3 8192 2.000000000 2
484 300 3 8192 2.000000000 2
484 520 3 8192 2.000000000 2
484 716 3 8192 2.000000000 2
484 892 3 8192 2.000000000 2
484 960 3 8192 2.000000000 2
484 988 3 8192 2.000000000 2
484 1020 3 8192 2.000000000 2
484 1088 3 8192 2.000000000 2
484 1160 3 8192 2.000000000 2
484 1168 3 8192 2.000000000 2
484 1252 3 8192 2.000000000 2
488 348 3 8192 2.000000000 2
488 484 3 8192 2.000000000 2
488 900 3 8192 2.000000000 2
488 948 3 8192 2.000000000 2
488 996 3 8192 2.000000000 2
488 1080 3 8192 2.000000000 2
488 1100 3 8192 2.000000000 2
488 1112 3 8192 2.000000000 2
488 1132 3 8192 2.000000000 2
492 92 3 8192 2.000000000 2
492 224 3 8192 2.000000000 2
492 276 3 8192 2.000000000 2
492 672 3 8192 2.000000000 2
492 1204 3 8192 2.000000000 2
496 16 3 8192 2.000000000 2
496 104 3 8192 2.000000000 2
496 120 3 8192 2.000000000 2
496 412 3 8192 2.000000000 2
496 476 3 8192 2.000000000 2
496 488 3 8192 2.000000000 2
496 556 3 8192 2.000000000 2
496 600 3 8192 2.000000000 2
496 964 3 8192 2.000000000 2
496 980 3 8192 2.000000000 2
496 1020 3 8192 2.000000000 2
496 1068 3 8192 2.000000000 2
500 24 3 8192 2.000000000 2
500 52 3 8192 2.000000000 2
500 184 3 8192 2.000000000 2
500 316 3 8192 2.000000000 2
500 428 3 8192 2.000000000 2
500 596 3 8192 2.000000000 2
500 668 3 8192 2.000000000 2
500 756 3 8192 2.000000000 2
500 792 3 8192 2.000000000 2
500 1096 3 8192 2.000000000 2
504 120 3 8192 2.000000000 2
504 148 3 8192 2.000000000 2
504 376 3 8192 2.000000000 2
504 460 3 8192 2.000000000 2
504 480 3 8192 2.000000000 2
504 492 3 8192 2.000000000 2
504 580 3 8192 2.000000000 2
504 832 3 8192 2.000000000 2
504 940 3 8192 2.000000000 2
504 1020 3 8192 2.000000000 2
504 1068 3 8192 2.000000000 2
504 1224 3 8192 2.000000000 2
504 1260 3 8192 2.000000000 2
508 228 3 8192 2.000000000 2
508 384 3 8192 2.000000000 2
508 392 3 8192 2.000000000 2
508 440 3 8192 2.000000000 2
508 552 3 8192 2.000000000 2
508 616 3 8192 2.000000000 2
508 716 3 8192 2.000000000 2
508 872 3 8192 2.000000000 2
508 888 3 8192 2.000000000 2
508 1024 3 8192 2.000000000 2
508 1200 3 8192 2.000000000 2
512 52 3 8192 2.000000000 2
512 368 3 8192 2.000000000 2
512 520 3 8192 2.000000000 2
512 608 3 8192 2.000000000 2
512 652 3 8192 2.000000000 2
512 784 3 8192 2.000000000 2
512 1008 3 8192 2.000000000 2
512 1156 3 8192 2.000000000 2
512 1232 3 8192 2.000000000 2
516 8 3 8192 2.000000000 2
516 136 3 8192 2.000000000 2
516 204 3 8192 2.000000000 2
516 640 3 8192 2.000000000 2
516 936 3 8192 2.000000000 2
516 1052 3 8192 2.000000000 2
516 1092 3 8192 2.000000000 2
516 1128 3 8192 2.000000000 2
520 44 3 8192 2.000000000 2
520 132 3 8192 2.000000000 2
520 348 3 8192 2.000000000 2
520 460 3 8192 2.000000000 2
520 664 3 8192 2.000000000 2
520 784 3 8192 2.000000000 2
520 836 3 8192 2.000000000 2
524 104 3 8192 2.000000000 2
524 180 3 8192 2.000000000 2
524 344 3 8192 2.000000000 2
524 364 3 8192 2.000000000 2
524 728 3 8192 2.000000000 2
524 904 3 8192 2.000000000 2
524 960 3 8192 2.000000000 2
524 1052 3 8192 2.000000000 2
528 24 3 8192 2.000000000 2
528 40 3 8192 2.000000000 2
528 144 3 8192 2.000000000 2
528 156 3 8192 2.000000000 2
528 184 3 8192 2.000000000 2
528 252 3 8192 2.000000000 2
528 264 3 8192 2.000000000 2
528 312 3 8192 2.000000000 2
528 320 3 8192 2.000000000 2
528 572 3 8192 2.000000000 2
528 852 3 8192 2.000000000 2
528 892 3 8192 2.000000000 2
528 964 3 8192 2.000000000 2
528 996 3 8192 2.000000000 2
528 1056 3 8192 2.000000000 2
528 1224 3 8192 2.000000000 2
532 4 3 8192 2.000000000 2
532 72 3 8192 2.000000000 2
532 316 3 8192 2.000000000 2
532 428 3 8192 2.000000000 2
532 456 3 8192 2.000000000 2
532 676 3 8192 2.000000000 2
532 816 3 8192 2.000000000 2
532 1076 3 8192 2.000000000 2
532 1100 3 8192 2.000000000 2
536 68 3 8192 2.000000000 2
536 156 3 8192 2.000000000 2
536 868 3 8192 2.000000000 2
536 900 3 8192 2.000000000 2
536 940 3 8192 2.000000000 2
536 1056 3 8192 2.000000000 2
536 1140 3 8192 2.000000000 2
544 148 3 8192 2.000000000 2
544 208 3 8192 2.000000000 2
544 320 3 8192 2.000000000 2
544 560 3 8192 2.000000000 2
544 832 3 8192 2.000000000 2
544 1096 3 8192 2.000000000 2
544 1276 3 8192 2.000000000 2
548 40 3 8192 2.000000000 2
548 880 3 8192 2.000000000 2
548 996 3 8192 2.000000000 2
548 1176 3 8192 2.000000000 2
552 224 3 8192 2.000000000 2
552 328 3 8192 2.000000000 2
552 424 3 8192 2.000000000 2
552 428 3 8192 2.000000000 2
552 524 3 8192 2.000000000 2
552 784 3 8192 2.000000000 2
552 1196 3 8192 2.000000000 2
552 1228 3 8192 2.000000000 2
556 72 3 8192 2.000000000 2
556 364 3 8192 2.000000000 2
556 568 3 8192 2.000000000 2
556 700 3 8192 2.000000000 2
556 896 3 8192 2.000000000 2
556 984 3 8192 2.000000000 2
556 1064 3 8192 2.000000000 2
556 1216 3 8192 2.000000000 2
556 1256 3 8192 2.000000000 2
560 76 3 8192 2.000000000 2
560 120 3 8192 2.000000000 2
560 172 3 8192 2.000000000 2
560 692 3 8192 2.000000000 2
560 732 3 8192 2.000000000 2
560 1224 3 8192 2.000000000 2
568 4 3 8192 2.000000000 2
568 76 3 8192 2.000000000 2
568 616 3 8192 2.000000000 2
568 732 3 8192 2.000000000 2
568 780 3 8192 2.000000000 2
572 104 3 8192 2.000000000 2
572 160 3 8192 2.000000000 2
572 484 3 8192 2.000000000 2
572 492 3 8192 2.000000000 2
572 528 3 8192 2.000000000 2
572 604 3 8192 2.000000000 2
572 704 3 8192 2.000000000 2
572 768 3 8192 2.000000000 2
572 812 3 8192 2.000000000 2
572 1176 3 8192 2.000000000 2
572 1228 3 8192 2.000000000 2
572 1240 3 8192 2.000000000 2
572 1252 3 8192 2.000000000 2
580 72 3 8192 2.000000000 2
580 148 3 8192 2.000000000 2
580 396 3 8192 2.000000000 2
580 504 3 8192 2.000000000 2
580 676 3 8192 2.000000000 2
580 704 3 8192 2.000000000 2
580 860 3 8192 2.000000000 2
580 872 3 8192 2.000000000 2
580 1120 3 8192 2.000000000 2
580 1156 3 8192 2.000000000 2
588 52 3 8192 2.000000000 2
588 408 3 8192 2.000000000 2
588 560 3 8192 2.000000000 2
588 668 3 8192 2.000000000 2
588 784 3 8192 2.000000000 2
588 812 3 8192 2.000000000 2
588 876 3 8192 2.000000000 2
588 900 3 8192 2.000000000 2
588 928 3 8192 2.000000000 2
588 940 3 8192 2.000000000 2
588 1076 3 8192 2.000000000 2
588 1104 3 8192 2.000000000 2
592 24 3 8192 2.000000000 2
592 44 3 8192 2.000000000 2
592 60 3 8192 2.000000000 2
592 148 3 8192 2.000000000 2
592 212 3 8192 2.000000000 2
592 424 3 8192 2.000000000 2
592 496 3 8192 2.000000000 2
592 508 3 8192 2.000000000 2
592 616 3 8192 2.000000000 2
592 868 3 8192 2.000000000 2
592 1152 3 8192 2.000000000 2
596 40 3 8192 2.000000000 2
596 272 3 8192 2.000000000 2
596 292 3 8192 2.000000000 2
596 424 3 8192 2.000000000 2
596 544 3 8192 2.000000000 2
596 608 3 8192 2.000000000 2
596 624 3 8192 2.000000000 2
596 864 3 8192 2.000000000 2
596 900 3 8192 2.000000000 2
596 928 3 8192 2.000000000 2
600 216 3 8192 2.000000000 2
600 368 3 8192 2.000000000 2
600 500 3 8192 2.000000000 2
600 660 3 8192 2.000000000 2
600 876 3 8192 2.000000000 2
600 928 3 8192 2.000000000 2
600 1060 3 8192 2.000000000 2
604 236 3 8192 2.000000000 2
604 320 3 8192 2.000000000 2
604 780 3 8192 2.000000000 2
604 904 3 8192 2.000000000 2
604 948 3 8192 2.000000000 2
604 988 3 8192 2.000000000 2
604 1068 3 8192 2.000000000 2
608 136 3 8192 2.000000000 2
608 492 3 8192 2.000000000 2
608 588 3 8192 2.000000000 2
608 728 3 8192 2.000000000 2
608 892 3 8192 2.000000000 2
608 1064 3 8192 2.000000000 2
608 1184 3 8192 2.000000000 2
616 160 3 8192 2.000000000 2
616 212 3 8192 2.000000000 2
616 1012 3 8192 2.000000000 2
616 1028 3 8192 2.000000000 2
616 1160 3 8192 2.000000000 2
616 1224 3 8192 2.000000000 2
624 144 3 8192 2.000000000 2
624 148 3 8192 2.000000000 2
624 208 3 8192 2.000000000 2
624 444 3 8192 2.000000000 2
624 484 3 8192 2.000000000 2
624 752 3 8192 2.000000000 2
624 864 3 8192 2.000000000 2
624 876 3 8192 2.000000000 2
624 1052 3 8192 2.000000000 2
624 1164 3 8192 2.000000000 2
624 1276 3 8192 2.000000000 2
632 8 3 8192 2.000000000 2
632 184 3 8192 2.000000000 2
632 196 3 8192 2.000000000 2
632 468 3 8192 2.000000000 2
632 496 3 8192 2.000000000 2
632 524 3 8192 2.000000000 2
632 804 3 8192 2.000000000 2
632 816 3 8192 2.000000000 2
632 920 3 8192 2.000000000 2
632 1028 3 8192 2.000000000 2
632 1152 3 8192 2.000000000 2
632 1216 3 8192 2.000000000 2
640 32 3 8192 2.000000000 2
640 364 3 8192 2.000000000 2
640 392 3 8192 2.000000000 2
640 560 3 8192 2.000000000 2
640 796 3 8192 2.000000000 2
640 1228 3 8192 2.000000000 2
644 148 3 8192 2.000000000 2
644 240 3 8192 2.000000000 2
644 280 3 8192 2.000000000 2
644 512 3 8192 2.000000000 2
644 528 3 8192 2.000000000 2
644 668 3 8192 2.000000000 2
644 960 3 8192 2.000000000 2
644 1128 3 8192 2.000000000 2
644 1192 3 8192 2.000000000 2
652 76 3 8192 2.000000000 2
652 88 3 8192 2.000000000 2
652 448 3 8192 2.000000000 2
652 556 3 8192 2.000000000 2
652 664 3 8192 2.000000000 2
652 880 3 8192 2.000000000 2
652 1132 3 8192 2.000000000 2
660 228 3 8192 2.000000000 2
660 236 3 8192 2.000000000 2
660 1032 3 8192 2.000000000 2
660 1112 3 8192 2.000000000 2
664 8 3 8192 2.000000000 2
664 236 3 8192 2.000000000 2
664 260 3 8192 2.000000000 2
664 552 3 8192 2.000000000 2
664 780 3 8192 2.000000000 2
664 960 3 8192 2.000000000 2
664 1064 3 8192 2.000000000 2
664 1128 3 8192 2.000000000 2
664 1148 3 8192 2.000000000 2
664 1156 3 8192 2.000000000 2
664 1236 3 8192 2.000000000 2
668 68 3 8192 2.000000000 2
668 84 3 8192 2.000000000 2
668 88 3 8192 2.000000000 2
668 196 3 8192 2.000000000 2
668 500 3 8192 2.000000000 2
668 616 3 8192 2.000000000 2
668 676 3 8192 2.000000000 2
668 716 3 8192 2.000000000 2
668 1008 3 8192 2.000000000 2
668 1244 3 8192 2.000000000 2
672 216 3 8192 2.000000000 2
672 492 3 8192 2.000000000 2
672 524 3 8192 2.000000000 2
672 624 3 8192 2.000000000 2
672 644 3 8192 2.000000000 2
672 884 3 8192 2.000000000 2
672 984 3 8192 2.000000000 2
672 988 3 8192 2.000000000 2
672 1008 3 8192 2.000000000 2
672 1120 3 8192 2.000000000 2
676 104 3 8192 2.000000000 2
676 240 3 8192 2.000000000 2
676 912 3 8192 2.000000000 2
676 928 3 8192 2.000000000 2
676 1100 3 8192 2.000000000 2
676 1152 3 8192 2.000000000 2
676 1176 3 8192 2.000000000 2
684 104 3 8192 2.000000000 2
684 144 3 8192 2.000000000 2
684 216 3 8192 2.000000000 2
684 272 3 8192 2.000000000 2
684 276 3 8192 2.000000000 2
684 456 3 8192 2.000000000 2
684 508 3 8192 2.000000000 2
684 596 3 8192 2.000000000 2
684 660 3 8192 2.000000000 2
684 760 3 8192 2.000000000 2
684 1120 3 8192 2.000000000 2
688 216 3 8192 2.000000000 2
688 312 3 8192 2.000000000 2
688 360 3 8192 2.000000000 2
688 444 3 8192 2.000000000 2
688 508 3 8192 2.000000000 2
688 520 3 8192 2.000000000 2
688 660 3 8192 2.000000000 2
688 880 3 8192 2.000000000 2
688 1096 3 8192 2.000000000 2
688 1112 3 8192 2.000000000 2
688 1216 3 8192 2.000000000 2
688 1228 3 8192 2.000000000 2
692 172 3 8192 2.000000000 2
692 200 3 8192 2.000000000 2
692 216 3 8192 2.000000000 2
692 640 3 8192 2.000000000 2
692 664 3 8192 2.000000000 2
692 984 3 8192 2.000000000 2
692 1200 3 8192 2.000000000 2
692 1216 3 8192 2.000000000 2
692 1244 3 8192 2.000000000 2
696 4 3 8192 2.000000000 2
696 108 3 8192 2.000000000 2
696 160 3 8192 2.000000000 2
696 428 3 8192 2.000000000 2
696 492 3 8192 2.000000000 2
696 548 3 8192 2.000000000 2
696 688 3 8192 2.000000000 2
696 912 3 8192 2.000000000 2
696 948 3 8192 2.000000000 2
696 996 3 8192 2.000000000 2
696 1216 3 8192 2.000000000 2
700 52 3 8192 2.000000000 2
700 100 3 8192 2.000000000 2
700 116 3 8192 2.000000000 2
700 152 3 8192 2.000000000 2
700 472 3 8192 2.000000000 2
700 492 3 8192 2.000000000 2
700 724 3 8192 2.000000000 2
700 800 3 8192 2.000000000 2
700 1036 3 8192 2.000000000 2
700 1136 3 8192 2.000000000 2
700 1172 3 8192 2.000000000 2
704 96 3 8192 2.000000000 2
704 164 3 8192 2.000000000 2
704 184 3 8192 2.000000000 2
704 244 3 8192 2.000000000 2
704 792 3 8192 2.000000000 2
704 804 3 8192 2.000000000 2
704 848 3 8192 2.000000000 2
704 904 3 8192 2.000000000 2
704 920 3 8192 2.000000000 2
704 980 3 8192 2.000000000 2
708 156 3 8192 2.000000000 2
708 296 3 8192 2.000000000 2
708 464 3 8192 2.000000000 2
708 488 3 8192 2.000000000 2
708 572 3 8192 2.000000000 2
708 1228 3 8192 2.000000000 2
712 64 3 8192 2.000000000 2
712 68 3 8192 2.000000000 2
712 208 3 8192 2.000000000 2
712 232 3 8192 2.000000000 2
712 376 3 8192 2.000000000 2
712 460 3 8192 2.000000000 2
712 792 3 8192 2.000000000 2
712 940 3 8192 2.000000000 2
712 1076 3 8192 2.000000000 2
716 472 3 8192 2.000000000 2
716 624 3 8192 2.000000000 2
716 744 3 8192 2.000000000 2
716 824 3 8192 2.000000000 2
724 24 3 8192 2.000000000 2
724 172 3 8192 2.000000000 2
724 184 3 8192 2.000000000 2
724 264 3 8192 2.000000000 2
724 408 3 8192 2.000000000 2
724 948 3 8192 2.000000000 2
724 984 3 8192 2.000000000 2
724 1064 3 8192 2.000000000 2
724 1104 3 8192 2.000000000 2
724 1140 3 8192 2.000000000 2
724 1188 3 8192 2.000000000 2
728 156 3 8192 2.000000000 2
728 160 3 8192 2.000000000 2
728 408 3 8192 2.000000000 2
728 444 3 8192 2.000000000 2
728 492 3 8192 2.000000000 2
728 1028 3 8192 2.000000000 2
728 1052 3 8192 2.000000000 2
728 1068 3 8192 2.000000000 2
728 1084 3 8192 2.000000000 2
728 1104 3 8192 2.000000000 2
732 216 3 8192 2.000000000 2
732 468 3 8192 2.000000000 2
732 504 3 8192 2.000000000 2
732 600 3 8192 2.000000000 2
732 616 3 8192 2.000000000 2
732 736 3 8192 2.000000000 2
732 768 3 8192 2.000000000 2
732 796 3 8192 2.000000000 2
732 1136 3 8192 2.000000000 2
736 144 3 8192 2.000000000 2
736 196 3 8192 2.000000000 2
736 424 3 8192 2.000000000 2
736 652 3 8192 2.000000000 2
736 876 3 8192 2.000000000 2
736 1012 3 8192 2.000000000 2
744 212 3 8192 2.000000000 2
744 312 3 8192 2.000000000 2
744 424 3 8192 2.000000000 2
744 456 3 8192 2.000000000 2
744 468 3 8192 2.000000000 2
744 492 3 8192 2.000000000 2
744 508 3 8192 2.000000000 2
744 672 3 8192 2.000000000 2
752 4 3 8192 2.000000000 2
752 108 3 8192 2.000000000 2
752 288 3 8192 2.000000000 2
752 328 3 8192 2.000000000 2
752 592 3 8192 2.000000000 2
752 684 3 8192 2.000000000 2
752 696 3 8192 2.000000000 2
752 1076 3 8192 2.000000000 2
752 1212 3 8192 2.000000000 2
756 132 3 8192 2.000000000 2
756 224 3 8192 2.000000000 2
756 260 3 8192 2.000000000 2
756 396 3 8192 2.000000000 2
756 444 3 8192 2.000000000 2
756 448 3 8192 2.000000000 2
756 464 3 8192 2.000000000 2
756 616 3 8192 2.000000000 2
756 784 3 8192 2.000000000 2
756 800 3 8192 2.000000000 2
756 804 3 8192 2.000000000 2
756 824 3 8192 2.000000000 2
756 848 3 8192 2.000000000 2
760 236 3 8192 2.000000000 2
760 272 3 8192 2.000000000 2
760 392 3 8192 2.000000000 2
760 408 3 8192 2.000000000 2
760 468 3 8192 2.000000000 2
760 480 3 8192 2.000000000 2
760 512 3 8192 2.000000000 2
760 700 3 8192 2.000000000 2
760 848 3 8192 2.000000000 2
760 1224 3 8192 2.000000000 2
760 1252 3 8192 2.000000000 2
768 48 3 8192 2.000000000 2
768 520 3 8192 2.000000000 2
768 732 3 8192 2.000000000 2
768 872 3 8192 2.000000000 2
768 936 3 8192 2.000000000 2
768 1052 3 8192 2.000000000 2
768 1080 3 8192 2.000000000 2
768 1212 3 8192 2.000000000 2
780 148 3 8192 2.000000000 2
780 232 3 8192 2.000000000 2
780 260 3 8192 2.000000000 2
780 520 3 8192 2.000000000 2
780 688 3 8192 2.000000000 2
780 760 3 8192 2.000000000 2
780 836 3 8192 2.000000000 2
780 888 3 8192 2.000000000 2
780 944 3 8192 2.000000000 2
780 960 3 8192 2.000000000 2
780 988 3 8192 2.000000000 2
780 1136 3 8192 2.000000000 2
780 1140 3 8192 2.000000000 2
780 1164 3 8192 2.000000000 2
780 1188 3 8192 2.000000000 2
780 1256 3 8192 2.000000000 2
780 1272 3 8192 2.000000000 2
784 76 3 8192 2.000000000 2
784 264 3 8192 2.000000000 2
784 352 3 8192 2.000000000 2
784 364 3 8192 2.000000000 2
784 408 3 8192 2.000000000 2
792 4 3 8192 2.000000000 2
792 208 3 8192 2.000000000 2
792 224 3 8192 2.000000000 2
792 240 3 8192 2.000000000 2
792 280 3 8192 2.000000000 2
792 384 3 8192 2.000000000 2
792 548 3 8192 2.000000000 2
792 616 3 8192 2.000000000 2
792 668 3 8192 2.000000000 2
792 716 3 8192 2.000000000 2
792 780 3 8192 2.000000000 2
792 1200 3 8192 2.000000000 2
796 164 3 8192 2.000000000 2
796 360 3 8192 2.000000000 2
796 364 3 8192 2.000000000 2
796 852 3 8192 2.000000000 2
796 920 3 8192 2.000000000 2
796 944 3 8192 2.000000000 2
796 948 3 8192 2.000000000 2
796 988 3 8192 2.000000000 2
796 1068 3 8192 2.000000000 2
796 1272 3 8192 2.000000000 2
800 212 3 8192 2.000000000 2
800 348 3 8192 2.000000000 2
800 412 3 8192 2.000000000 2
800 664 3 8192 2.000000000 2
800 700 3 8192 2.000000000 2
800 732 3 8192 2.000000000 2
800 960 3 8192 2.000000000 2
800 1012 3 8192 2.000000000 2
800 1088 3 8192 2.000000000 2
804 644 3 8192 2.000000000 2
804 704 3 8192 2.000000000 2
804 724 3 8192 2.000000000 2
804 1020 3 8192 2.000000000 2
804 1080 3 8192 2.000000000 2
804 1156 3 8192 2.000000000 2
804 1172 3 8192 2.000000000 2
804 1256 3 8192 2.000000000 2
808 4 3 8192 2.000000000 2
808 24 3 8192 2.000000000 2
808 40 3 8192 2.000000000 2
808 132 3 8192 2.000000000 2
808 352 3 8192 2.000000000 2
808 504 3 8192 2.000000000 2
808 600 3 8192 2.000000000 2
808 704 3 8192 2.000000000 2
808 780 3 8192 2.000000000 2
808 812 3 8192 2.000000000 2
808 876 3 8192 2.000000000 2
808 936 3 8192 2.000000000 2
808 948 3 8192 2.000000000 2
808 1232 3 8192 2.000000000 2
812 280 3 8192 2.000000000 2
812 296 3 8192 2.000000000 2
812 544 3 8192 2.000000000 2
812 600 3 8192 2.000000000 2
812 624 3 8192 2.000000000 2
812 760 3 8192 2.000000000 2
812 892 3 8192 2.000000000 2
812 984 3 8192 2.000000000 2
812 1104 3 8192 2.000000000 2
812 1156 3 8192 2.000000000 2
812 1256 3 8192 2.000000000 2
816 144 3 8192 2.000000000 2
816 464 3 8192 2.000000000 2
816 484 3 8192 2.000000000 2
816 1160 3 8192 2.000000000 2
816 1172 3 8192 2.000000000 2
816 1184 3 8192 2.000000000 2
820 20 3 8192 2.000000000 2
820 108 3 8192 2.000000000 2
820 484 3 8192 2.000000000 2
820 964 3 8192 2.000000000 2
820 1012 3 8192 2.000000000 2
820 1028 3 8192 2.000000000 2
824 76 3 8192 2.000000000 2
824 252 3 8192 2.000000000 2
824 264 3 8192 2.000000000 2
824 272 3 8192 2.000000000 2
824 368 3 8192 2.000000000 2
824 448 3 8192 2.000000000 2
824 512 3 8192 2.000000000 2
824 644 3 8192 2.000000000 2
824 784 3 8192 2.000000000 2
824 852 3 8192 2.000000000 2
824 1100 3 8192 2.000000000 2
824 1128 3 8192 2.000000000 2
824 1232 3 8192 2.000000000 2
832 100 3 8192 2.000000000 2
832 144 3 8192 2.000000000 2
832 148 3 8192 2.000000000 2
832 220 3 8192 2.000000000 2
832 348 3 8192 2.000000000 2
832 580 3 8192 2.000000000 2
832 712 3 8192 2.000000000 2
832 796 3 8192 2.000000000 2
832 876 3 8192 2.000000000 2
832 1020 3 8192 2.000000000 2
832 1024 3 8192 2.000000000 2
836 40 3 8192 2.000000000 2
836 48 3 8192 2.000000000 2
836 52 3 8192 2.000000000 2
836 444 3 8192 2.000000000 2
836 608 3 8192 2.000000000 2
836 684 3 8192 2.000000000 2
836 900 3 8192 2.000000000 2
836 916 3 8192 2.000000000 2
836 1120 3 8192 2.000000000 2
836 1220 3 8192 2.000000000 2
836 1236 3 8192 2.000000000 2
840 48 3 8192 2.000000000 2
840 68 3 8192 2.000000000 2
840 280 3 8192 2.000000000 2
840 476 3 8192 2.000000000 2
840 728 3 8192 2.000000000 2
840 888 3 8192 2.000000000 2
840 972 3 8192 2.000000000 2
840 1012 3 8192 2.000000000 2
840 1112 3 8192 2.000000000 2
840 1188 3 8192 2.000000000 2
840 1236 3 8192 2.000000000 2
840 1256 3 8192 2.000000000 2
848 368 3 8192 2.000000000 2
848 376 3 8192 2.000000000 2
848 484 3 8192 2.000000000 2
848 508 3 8192 2.000000000 2
848 708 3 8192 2.000000000 2
848 916 3 8192 2.000000000 2
852 132 3 8192 2.000000000 2
852 312 3 8192 2.000000000 2
852 520 3 8192 2.000000000 2
852 544 3 8192 2.000000000 2
852 696 3 8192 2.000000000 2
852 716 3 8192 2.000000000 2
852 888 3 8192 2.000000000 2
852 1012 3 8192 2.000000000 2
852 1036 3 8192 2.000000000 2
852 1060 3 8192 2.000000000 2
852 1156 3 8192 2.000000000 2
860 252 3 8192 2.000000000 2
860 488 3 8192 2.000000000 2
860 568 3 8192 2.000000000 2
860 840 3 8192 2.000000000 2
860 1008 3 8192 2.000000000 2
860 1128 3 8192 2.000000000 2
860 1232 3 8192 2.000000000 2
864 312 3 8192 2.000000000 2
864 508 3 8192 2.000000000 2
864 516 3 8192 2.000000000 2
864 560 3 8192 2.000000000 2
864 624 3 8192 2.000000000 2
864 700 3 8192 2.000000000 2
864 728 3 8192 2.000000000 2
864 744 3 8192 2.000000000 2
864 1012 3 8192 2.000000000 2
864 1056 3 8192 2.000000000 2
864 1104 3 8192 2.000000000 2
864 1156 3 8192 2.000000000 2
864 1168 3 8192 2.000000000 2
864 1252 3 8192 2.000000000 2
868 8 3 8192 2.000000000 2
868 44 3 8192 2.000000000 2
868 360 3 8192 2.000000000 2
868 444 3 8192 2.000000000 2
868 464 3 8192 2.000000000 2
868 520 3 8192 2.000000000 2
868 536 3 8192 2.000000000 2
868 592 3 8192 2.000000000 2
868 668 3 8192 2.000000000 2
868 756 3 8192 2.000000000 2
868 1196 3 8192 2.000000000 2
868 1224 3 8192 2.000000000 2
868 1228 3 8192 2.000000000 2
872 20 3 8192 2.000000000 2
872 60 3 8192 2.000000000 2
872 208 3 8192 2.000000000 2
872 252 3 8192 2.000000000 2
872 724 3 8192 2.000000000 2
872 832 3 8192 2.000000000 2
872 1004 3 8192 2.000000000 2
872 1140 3 8192 2.000000000 2
872 1160 3 8192 2.000000000 2
876 184 3 8192 2.000000000 2
876 412 3 8192 2.000000000 2
876 500 3 8192 2.000000000 2
876 552 3 8192 2.000000000 2
876 704 3 8192 2.000000000 2
876 948 3 8192 2.000000000 2
880 68 3 8192 2.000000000 2
880 360 3 8192 2.000000000 2
880 556 3 8192 2.000000000 2
880 868 3 8192 2.000000000 2
880 928 3 8192 2.000000000 2
880 996 3 8192 2.000000000 2
880 1032 3 8192 2.000000000 2
880 1116 3 8192 2.000000000 2
880 1148 3 8192 2.000000000 2
880 1244 3 8192 2.000000000 2
884 76 3 8192 2.000000000 2
884 144 3 8192 2.000000000 2
884 352 3 8192 2.000000000 2
884 476 3 8192 2.000000000 2
884 760 3 8192 2.000000000 2
884 796 3 8192 2.000000000 2
884 812 3 8192 2.000000000 2
884 880 3 8192 2.000000000 2
884 888 3 8192 2.000000000 2
884 1012 3 8192 2.000000000 2
884 1160 3 8192 2.000000000 2
888 368 3 8192 2.000000000 2
888 376 3 8192 2.000000000 2
888 440 3 8192 2.000000000 2
888 448 3 8192 2.000000000 2
888 468 3 8192 2.000000000 2
888 496 3 8192 2.000000000 2
888 864 3 8192 2.000000000 2
888 1028 3 8192 2.000000000 2
888 1092 3 8192 2.000000000 2
888 1192 3 8192 2.000000000 2
892 16 3 8192 2.000000000 2
892 156 3 8192 2.000000000 2
892 556 3 8192 2.000000000 2
892 676 3 8192 2.000000000 2
892 812 3 8192 2.000000000 2
892 888 3 8192 2.000000000 2
892 1024 3 8192 2.000000000 2
892 1140 3 8192 2.000000000 2
892 1152 3 8192 2.000000000 2
896 20 3 8192 2.000000000 2
896 44 3 8192 2.000000000 2
896 144 3 8192 2.000000000 2
896 156 3 8192 2.000000000 2
896 428 3 8192 2.000000000 2
896 476 3 8192 2.000000000 2
896 548 3 8192 2.000000000 2
896 556 3 8192 2.000000000 2
896 668 3 8192 2.000000000 2
896 1020 3 8192 2.000000000 2
896 1112 3 8192 2.000000000 2
900 8 3 8192 2.000000000 2
900 76 3 8192 2.000000000 2
900 136 3 8192 2.000000000 2
900 276 3 8192 2.000000000 2
900 392 3 8192 2.000000000 2
900 488 3 8192 2.000000000 2
900 548 3 8192 2.000000000 2
900 808 3 8192 2.000000000 2
900 980 3 8192 2.000000000 2
900 1084 3 8192 2.000000000 2
900 1100 3 8192 2.000000000 2
900 1148 3 8192 2.000000000 2
904 72 3 8192 2.000000000 2
904 200 3 8192 2.000000000 2
904 272 3 8192 2.000000000 2
904 296 3 8192 2.000000000 2
904 600 3 8192 2.000000000 2
904 884 3 8192 2.000000000 2
904 888 3 8192 2.000000000 2
904 936 3 8192 2.000000000 2
904 1052 3 8192 2.000000000 2
904 1120 3 8192 2.000000000 2
904 1212 3 8192 2.000000000 2
912 240 3 8192 2.000000000 2
912 712 3 8192 2.000000000 2
912 756 3 8192 2.000000000 2
912 816 3 8192 2.000000000 2
912 1036 3 8192 2.000000000 2
912 1072 3 8192 2.000000000 2
916 136 3 8192 2.000000000 2
916 392 3 8192 2.000000000 2
916 440 3 8192 2.000000000 2
916 504 3 8192 2.000000000 2
916 716 3 8192 2.000000000 2
916 824 3 8192 2.000000000 2
916 1060 3 8192 2.000000000 2
916 1172 3 8192 2.000000000 2
920 68 3 8192 2.000000000 2
920 76 3 8192 2.000000000 2
920 292 3 8192 2.000000000 2
920 368 3 8192 2.000000000 2
920 428 3 8192 2.000000000 2
920 688 3 8192 2.000000000 2
920 804 3 8192 2.000000000 2
920 884 3 8192 2.000000000 2
920 1048 3 8192 2.000000000 2
920 1204 3 8192 2.000000000 2
928 88 3 8192 2.000000000 2
928 236 3 8192 2.000000000 2
928 292 3 8192 2.000000000 2
928 352 3 8192 2.000000000 2
928 448 3 8192 2.000000000 2
928 664 3 8192 2.000000000 2
928 804 3 8192 2.000000000 2
928 1104 3 8192 2.000000000 2
928 1128 3 8192 2.000000000 2
928 1212 3 8192 2.000000000 2
936 0 3 8192 2.000000000 2
936 124 3 8192 2.000000000 2
936 136 3 8192 2.000000000 2
936 196 3 8192 2.000000000 2
936 268 3 8192 2.000000000 2
936 384 3 8192 2.000000000 2
936 552 3 8192 2.000000000 2
936 840 3 8192 2.000000000 2
936 852 3 8192 2.000000000 2
936 876 3 8192 2.000000000 2
936 1012 3 8192 2.000000000 2
936 1116 3 8192 2.000000000 2
936 1148 3 8192 2.000000000 2
936 1260 3 8192 2.000000000 2
940 52 3 8192 2.000000000 2
940 144 3 8192 2.000000000 2
940 184 3 8192 2.000000000 2
940 304 3 8192 2.000000000 2
940 352 3 8192 2.000000000 2
940 364 3 8192 2.000000000 2
940 696 3 8192 2.000000000 2
944 72 3 8192 2.000000000 2
944 184 3 8192 2.000000000 2
944 216 3 8192 2.000000000 2
944 580 3 8192 2.000000000 2
944 608 3 8192 2.000000000 2
944 684 3 8192 2.000000000 2
944 728 3 8192 2.000000000 2
944 780 3 8192 2.000000000 2
944 972 3 8192 2.000000000 2
944 1068 3 8192 2.000000000 2
948 120 3 8192 2.000000000 2
948 236 3 8192 2.000000000 2
948 780 3 8192 2.000000000 2
948 804 3 8192 2.000000000 2
948 888 3 8192 2.000000000 2
948 1088 3 8192 2.000000000 2
960 264 3 8192 2.000000000 2
960 324 3 8192 2.000000000 2
960 460 3 8192 2.000000000 2
960 504 3 8192 2.000000000 2
960 1120 3 8192 2.000000000 2
960 1256 3 8192 2.000000000 2
964 104 3 8192 2.000000000 2
964 228 3 8192 2.000000000 2
964 288 3 8192 2.000000000 2
964 708 3 8192 2.000000000 2
964 988 3 8192 2.000000000 2
964 1004 3 8192 2.000000000 2
964 1256 3 8192 2.000000000 2
968 16 3 8192 2.000000000 2
968 84 3 8192 2.000000000 2
968 152 3 8192 2.000000000 2
968 276 3 8192 2.000000000 2
968 364 3 8192 2.000000000 2
968 728 3 8192 2.000000000 2
968 804 3 8192 2.000000000 2
968 1160 3 8192 2.000000000 2
968 1164 3 8192 2.000000000 2
968 1228 3 8192 2.000000000 2
968 1272 3 8192 2.000000000 2
972 108 3 8192 2.000000000 2
972 300 3 8192 2.000000000 2
972 344 3 8192 2.000000000 2
972 352 3 8192 2.000000000 2
972 480 3 8192 2.000000000 2
972 548 3 8192 2.000000000 2
972 704 3 8192 2.000000000 2
980 180 3 8192 2.000000000 2
980 384 3 8192 2.000000000 2
980 460 3 8192 2.000000000 2
980 480 3 8192 2.000000000 2
980 512 3 8192 2.000000000 2
980 604 3 8192 2.000000000 2
980 616 3 8192 2.000000000 2
980 784 3 8192 2.000000000 2
980 900 3 8192 2.000000000 2
980 968 3 8192 2.000000000 2
980 1008 3 8192 2.000000000 2
984 592 3 8192 2.000000000 2
984 608 3 8192 2.000000000 2
984 624 3 8192 2.000000000 2
984 632 3 8192 2.000000000 2
984 724 3 8192 2.000000000 2
984 752 3 8192 2.000000000 2
984 920 3 8192 2.000000000 2
984 1220 3 8192 2.000000000 2
988 268 3 8192 2.000000000 2
988 364 3 8192 2.000000000 2
988 884 3 8192 2.000000000 2
988 936 3 8192 2.000000000 2
988 1136 3 8192 2.000000000 2
988 1272 3 8192 2.000000000 2
996 96 3 8192 2.000000000 2
996 216 3 8192 2.000000000 2
996 240 3 8192 2.000000000 2
996 368 3 8192 2.000000000 2
996 432 3 8192 2.000000000 2
996 824 3 8192 2.000000000 2
996 840 3 8192 2.000000000 2
996 980 3 8192 2.000000000 2
996 1100 3 8192 2.000000000 2
1004 120 3 8192 2.000000000 2
1004 152 3 8192 2.000000000 2
1004 216 3 8192 2.000000000 2
1004 236 3 8192 2.000000000 2
1004 376 3 8192 2.000000000 2
1004 464 3 8192 2.000000000 2
1004 504 3 8192 2.000000000 2
1004 556 3 8192 2.000000000 2
1004 568 3 8192 2.000000000 2
1004 732 3 8192 2.000000000 2
1004 816 3 8192 2.000000000 2
1004 916 3 8192 2.000000000 2
1004 936 3 8192 2.000000000 2
1004 964 3 8192 2.000000000 2
1004 1244 3 8192 2.000000000 2
1008 220 3 8192 2.000000000 2
1008 268 3 8192 2.000000000 2
1008 364 3 8192 2.000000000 2
1008 408 3 8192 2.000000000 2
1008 476 3 8192 2.000000000 2
1008 816 3 8192 2.000000000 2
1008 988 3 8192 2.000000000 2
1008 1096 3 8192 2.000000000 2
1008 1152 3 8192 2.000000000 2
1012 212 3 8192 2.000000000 2
1012 224 3 8192 2.000000000 2
1012 252 3 8192 2.000000000 2
1012 408 3 8192 2.000000000 2
1012 432 3 8192 2.000000000 2
1012 536 3 8192 2.000000000 2
1012 604 3 8192 2.000000000 2
1012 808 3 8192 2.000000000 2
1012 888 3 8192 2.000000000 2
1012 980 3 8192 2.000000000 2
1012 996 3 8192 2.000000000 2
1020 44 3 8192 2.000000000 2
1020 172 3 8192 2.000000000 2
1020 220 3 8192 2.000000000 2
1020 296 3 8192 2.000000000 2
1020 480 3 8192 2.000000000 2
1020 820 3 8192 2.000000000 2
1020 840 3 8192 2.000000000 2
1020 1196 3 8192 2.000000000 2
1024 96 3 8192 2.000000000 2
1024 324 3 8192 2.000000000 2
1024 516 3 8192 2.000000000 2
1024 700 3 8192 2.000000000 2
1024 904 3 8192 2.000000000 2
1024 1060 3 8192 2.000000000 2
1024 1132 3 8192 2.000000000 2
1024 1152 3 8192 2.000000000 2
1028 484 3 8192 2.000000000 2
1028 604 3 8192 2.000000000 2
1028 708 3 8192 2.000000000 2
1028 760 3 8192 2.000000000 2
1028 916 3 8192 2.000000000 2
1028 920 3 8192 2.000000000 2
1028 1052 3 8192 2.000000000 2
1032 100 3 8192 2.000000000 2
1032 148 3 8192 2.000000000 2
1032 348 3 8192 2.000000000 2
1032 444 3 8192 2.000000000 2
1032 476 3 8192 2.000000000 2
1032 568 3 8192 2.000000000 2
1032 672 3 8192 2.000000000 2
1032 724 3 8192 2.000000000 2
1032 1184 3 8192 2.000000000 2
1032 1220 3 8192 2.000000000 2
1036 12 3 8192 2.000000000 2
1036 272 3 8192 2.000000000 2
1036 496 3 8192 2.000000000 2
1036 900 3 8192 2.000000000 2
1036 984 3 8192 2.000000000 2
1036 1052 3 8192 2.000000000 2
1036 1148 3 8192 2.000000000 2
1048 96 3 8192 2.000000000 2
1048 120 3 8192 2.000000000 2
1048 196 3 8192 2.000000000 2
1048 580 3 8192 2.000000000 2
1048 608 3 8192 2.000000000 2
1048 724 3 8192 2.000000000 2
1048 756 3 8192 2.000000000 2
1048 784 3 8192 2.000000000 2
1048 900 3 8192 2.000000000 2
1048 960 3 8192 2.000000000 2
1048 1068 3 8192 2.000000000 2
1048 1136 3 8192 2.000000000 2
1048 1152 3 8192 2.000000000 2
1048 1172 3 8192 2.000000000 2
1052 8 3 8192 2.000000000 2
1052 196 3 8192 2.000000000 2
1052 344 3 8192 2.000000000 2
1052 456 3 8192 2.000000000 2
1052 652 3 8192 2.000000000 2
1052 728 3 8192 2.000000000 2
1052 868 3 8192 2.000000000 2
1052 1092 3 8192 2.000000000 2
1056 228 3 8192 2.000000000 2
1056 536 3 8192 2.000000000 2
1056 728 3 8192 2.000000000 2
1056 1264 3 8192 2.000000000 2
1060 0 3 8192 2.000000000 2
1060 136 3 8192 2.000000000 2
1060 152 3 8192 2.000000000 2
1060 200 3 8192 2.000000000 2
1060 260 3 8192 2.000000000 2
1060 496 3 8192 2.000000000 2
1060 544 3 8192 2.000000000 2
1060 840 3 8192 2.000000000 2
1060 960 3 8192 2.000000000 2
1060 1028 3 8192 2.000000000 2
1060 1172 3 8192 2.000000000 2
1060 1212 3 8192 2.000000000 2
1060 1220 3 8192 2.000000000 2
1064 44 3 8192 2.000000000 2
1064 292 3 8192 2.000000000 2
1064 488 3 8192 2.000000000 2
1064 848 3 8192 2.000000000 2
1064 1120 3 8192 2.000000000 2
1064 1128 3 8192 2.000000000 2
1064 1172 3 8192 2.000000000 2
1068 344 3 8192 2.000000000 2
1068 468 3 8192 2.000000000 2
1068 660 3 8192 2.000000000 2
1068 724 3 8192 2.000000000 2
1068 784 3 8192 2.000000000 2
1068 864 3 8192 2.000000000 2
1068 900 3 8192 2.000000000 2
1072 60 3 8192 2.000000000 2
1072 132 3 8192 2.000000000 2
1072 212 3 8192 2.000000000 2
1072 528 3 8192 2.000000000 2
1072 632 3 8192 2.000000000 2
1072 832 3 8192 2.000000000 2
1072 896 3 8192 2.000000000 2
1072 1052 3 8192 2.000000000 2
1072 1136 3 8192 2.000000000 2
1072 1156 3 8192 2.000000000 2
1076 432 3 8192 2.000000000 2
1076 520 3 8192 2.000000000 2
1076 532 3 8192 2.000000000 2
1076 580 3 8192 2.000000000 2
1076 644 3 8192 2.000000000 2
1076 1012 3 8192 2.000000000 2
1076 1140 3 8192 2.000000000 2
1076 1200 3 8192 2.000000000 2
1080 60 3 8192 2.000000000 2
1080 68 3 8192 2.000000000 2
1080 172 3 8192 2.000000000 2
1080 588 3 8192 2.000000000 2
1080 644 3 8192 2.000000000 2
1080 736 3 8192 2.000000000 2
1080 988 3 8192 2.000000000 2
1080 1060 3 8192 2.000000000 2
1084 124 3 8192 2.000000000 2
1084 136 3 8192 2.000000000 2
1084 368 3 8192 2.000000000 2
1084 444 3 8192 2.000000000 2
1084 528 3 8192 2.000000000 2
1084 592 3 8192 2.000000000 2
1084 736 3 8192 2.000000000 2
1084 836 3 8192 2.000000000 2
1084 948 3 8192 2.000000000 2
1084 1168 3 8192 2.000000000 2
1088 252 3 8192 2.000000000 2
1088 260 3 8192 2.000000000 2
1088 276 3 8192 2.000000000 2
1088 716 3 8192 2.000000000 2
1088 796 3 8192 2.000000000 2
1088 840 3 8192 2.000000000 2
1088 892 3 8192 2.000000000 2
1088 1020 3 8192 2.000000000 2
1088 1084 3 8192 2.000000000 2
1088 1148 3 8192 2.000000000 2
1088 1228 3 8192 2.000000000 2
1092 160 3 8192 2.000000000 2
1092 684 3 8192 2.000000000 2
1092 876 3 8192 2.000000000 2
1092 928 3 8192 2.000000000 2
1092 1032 3 8192 2.000000000 2
1092 1120 3 8192 2.000000000 2
1092 1184 3 8192 2.000000000 2
1092 1200 3 8192 2.000000000 2
1092 1264 3 8192 2.000000000 2
1096 92 3 8192 2.000000000 2
1096 124 3 8192 2.000000000 2
1096 160 3 8192 2.000000000 2
1096 424 3 8192 2.000000000 2
1096 428 3 8192 2.000000000 2
1096 1060 3 8192 2.000000000 2
1096 1116 3 8192 2.000000000 2
1100 52 3 8192 2.000000000 2
1100 64 3 8192 2.000000000 2
1100 88 3 8192 2.000000000 2
1100 172 3 8192 2.000000000 2
1100 196 3 8192 2.000000000 2
1100 384 3 8192 2.000000000 2
1100 568 3 8192 2.000000000 2
1100 580 3 8192 2.000000000 2
1100 700 3 8192 2.000000000 2
1100 1276 3 8192 2.000000000 2
1104 40 3 8192 2.000000000 2
1104 396 3 8192 2.000000000 2
1104 600 3 8192 2.000000000 2
1104 800 3 8192 2.000000000 2
1104 820 3 8192 2.000000000 2
1104 936 3 8192 2.000000000 2
1104 1012 3 8192 2.000000000 2
1104 1048 3 8192 2.000000000 2
1104 1116 3 8192 2.000000000 2
1104 1172 3 8192 2.000000000 2
1104 1192 3 8192 2.000000000 2
1112 256 3 8192 2.000000000 2
1112 344 3 8192 2.000000000 2
1112 796 3 8192 2.000000000 2
1112 948 3 8192 2.000000000 2
1112 1200 3 8192 2.000000000 2
1112 1272 3 8192 2.000000000 2
1116 64 3 8192 2.000000000 2
1116 424 3 8192 2.000000000 2
1116 536 3 8192 2.000000000 2
1116 560 3 8192 2.000000000 2
1116 600 3 8192 2.000000000 2
1116 696 3 8192 2.000000000 2
1116 868 3 8192 2.000000000 2
1116 944 3 8192 2.000000000 2
1116 1092 3 8192 2.000000000 2
1120 16 3 8192 2.000000000 2
1120 232 3 8192 2.000000000 2
1120 768 3 8192 2.000000000 2
1120 904 3 8192 2.000000000 2
1120 916 3 8192 2.000000000 2
1128 32 3 8192 2.000000000 2
1128 48 3 8192 2.000000000 2
1128 296 3 8192 2.000000000 2
1128 348 3 8192 2.000000000 2
1128 352 3 8192 2.000000000 2
1128 640 3 8192 2.000000000 2
1128 724 3 8192 2.000000000 2
1128 944 3 8192 2.000000000 2
1128 1020 3 8192 2.000000000 2
1132 16 3 8192 2.000000000 2
1132 132 3 8192 2.000000000 2
1132 164 3 8192 2.000000000 2
1132 496 3 8192 2.000000000 2
1132 552 3 8192 2.000000000 2
1132 580 3 8192 2.000000000 2
1132 876 3 8192 2.000000000 2
1132 1096 3 8192 2.000000000 2
1136 304 3 8192 2.000000000 2
1136 464 3 8192 2.000000000 2
1136 596 3 8192 2.000000000 2
1136 1068 3 8192 2.000000000 2
1136 1084 3 8192 2.000000000 2
1136 1172 3 8192 2.000000000 2
1140 212 3 8192 2.000000000 2
1140 376 3 8192 2.000000000 2
1140 580 3 8192 2.000000000 2
1140 624 3 8192 2.000000000 2
1140 724 3 8192 2.000000000 2
1140 812 3 8192 2.000000000 2
1140 820 3 8192 2.000000000 2
1140 1152 3 8192 2.000000000 2
1140 1256 3 8192 2.000000000 2
1140 1264 3 8192 2.000000000 2
1148 4 3 8192 2.000000000 2
1148 240 3 8192 2.000000000 2
1148 664 3 8192 2.000000000 2
1148 872 3 8192 2.000000000 2
1148 1200 3 8192 2.000000000 2
1152 444 3 8192 2.000000000 2
1152 508 3 8192 2.000000000 2
1152 708 3 8192 2.000000000 2
1152 768 3 8192 2.000000000 2
1152 836 3 8192 2.000000000 2
1152 928 3 8192 2.000000000 2
1152 996 3 8192 2.000000000 2
1156 180 3 8192 2.000000000 2
1156 224 3 8192 2.000000000 2
1156 532 3 8192 2.000000000 2
1156 560 3 8192 2.000000000 2
1156 796 3 8192 2.000000000 2
1156 816 3 8192 2.000000000 2
1156 840 3 8192 2.000000000 2
1156 960 3 8192 2.000000000 2
1156 1020 3 8192 2.000000000 2
1156 1132 3 8192 2.000000000 2
1156 1276 3 8192 2.000000000 2
1160 156 3 8192 2.000000000 2
1160 164 3 8192 2.000000000 2
1160 180 3 8192 2.000000000 2
1160 272 3 8192 2.000000000 2
1160 300 3 8192 2.000000000 2
1160 544 3 8192 2.000000000 2
1160 596 3 8192 2.000000000 2
1160 832 3 8192 2.000000000 2
1160 1152 3 8192 2.000000000 2
1160 1196 3 8192 2.000000000 2
1164 160 3 8192 2.000000000 2
1164 184 3 8192 2.000000000 2
1164 324 3 8192 2.000000000 2
1164 444 3 8192 2.000000000 2
1164 684 3 8192 2.000000000 2
1164 708 3 8192 2.000000000 2
1164 796 3 8192 2.000000000 2
1164 996 3 8192 2.000000000 2
1168 144 3 8192 2.000000000 2
1168 236 3 8192 2.000000000 2
1168 544 3 8192 2.000000000 2
1168 712 3 8192 2.000000000 2
1168 1052 3 8192 2.000000000 2
1172 344 3 8192 2.000000000 2
1172 384 3 8192 2.000000000 2
1172 476 3 8192 2.000000000 2
1172 712 3 8192 2.000000000 2
1172 836 3 8192 2.000000000 2
1172 860 3 8192 2.000000000 2
1172 864 3 8192 2.000000000 2
1172 980 3 8192 2.000000000 2
1172 984 3 8192 2.000000000 2
1172 1132 3 8192 2.000000000 2
1172 1236 3 8192 2.000000000 2
1176 68 3 8192 2.000000000 2
1176 212 3 8192 2.000000000 2
1176 808 3 8192 2.000000000 2
1176 884 3 8192 2.000000000 2
1176 900 3 8192 2.000000000 2
1176 936 3 8192 2.000000000 2
1176 940 3 8192 2.000000000 2
1176 1068 3 8192 2.000000000 2
1176 1148 3 8192 2.000000000 2
1176 1164 3 8192 2.000000000 2
1176 1228 3 8192 2.000000000 2
1184 368 3 8192 2.000000000 2
1184 456 3 8192 2.000000000 2
1184 524 3 8192 2.000000000 2
1184 588 3 8192 2.000000000 2
1184 760 3 8192 2.000000000 2
1184 848 3 8192 2.000000000 2
1184 916 3 8192 2.000000000 2
1184 1060 3 8192 2.000000000 2
1188 216 3 8192 2.000000000 2
1188 296 3 8192 2.000000000 2
1188 304 3 8192 2.000000000 2
1188 424 3 8192 2.000000000 2
1188 516 3 8192 2.000000000 2
1188 560 3 8192 2.000000000 2
1188 640 3 8192 2.000000000 2
1188 876 3 8192 2.000000000 2
1188 880 3 8192 2.000000000 2
1188 1032 3 8192 2.000000000 2
1188 1112 3 8192 2.000000000 2
1188 1220 3 8192 2.000000000 2
1192 52 3 8192 2.000000000 2
1192 88 3 8192 2.000000000 2
1192 124 3 8192 2.000000000 2
1192 172 3 8192 2.000000000 2
1192 220 3 8192 2.000000000 2
1192 272 3 8192 2.000000000 2
1192 460 3 8192 2.000000000 2
1192 728 3 8192 2.000000000 2
1192 968 3 8192 2.000000000 2
1192 1064 3 8192 2.000000000 2
1192 1088 3 8192 2.000000000 2
1192 1100 3 8192 2.000000000 2
1192 1116 3 8192 2.000000000 2
1192 1200 3 8192 2.000000000 2
1192 1236 3 8192 2.000000000 2
1196 40 3 8192 2.000000000 2
1196 80 3 8192 2.000000000 2
1196 252 3 8192 2.000000000 2
1196 256 3 8192 2.000000000 2
1196 472 3 8192 2.000000000 2
1196 520 3 8192 2.000000000 2
1196 524 3 8192 2.000000000 2
1196 920 3 8192 2.000000000 2
1196 1076 3 8192 2.000000000 2
1196 1116 3 8192 2.000000000 2
1200 160 3 8192 2.000000000 2
1200 196 3 8192 2.000000000 2
1200 548 3 8192 2.000000000 2
1200 832 3 8192 2.000000000 2
1200 928 3 8192 2.000000000 2
1200 1204 3 8192 2.000000000 2
1200 1236 3 8192 2.000000000 2
1200 1260 3 8192 2.000000000 2
1204 244 3 8192 2.000000000 2
1204 264 3 8192 2.000000000 2
1204 352 3 8192 2.000000000 2
1204 364 3 8192 2.000000000 2
1204 384 3 8192 2.000000000 2
1204 864 3 8192 2.000000000 2
1204 988 3 8192 2.000000000 2
1204 1020 3 8192 2.000000000 2
1204 1156 3 8192 2.000000000 2
1204 1168 3 8192 2.000000000 2
1212 216 3 8192 2.000000000 2
1212 224 3 8192 2.000000000 2
1212 500 3 8192 2.000000000 2
1212 832 3 8192 2.000000000 2
1212 968 3 8192 2.000000000 2
1212 1056 3 8192 2.000000000 2
1212 1060 3 8192 2.000000000 2
1216 164 3 8192 2.000000000 2
1216 244 3 8192 2.000000000 2
1216 272 3 8192 2.000000000 2
1216 484 3 8192 2.000000000 2
1216 488 3 8192 2.000000000 2
1216 520 3 8192 2.000000000 2
1216 572 3 8192 2.000000000 2
1216 676 3 8192 2.000000000 2
1216 780 3 8192 2.000000000 2
1216 792 3 8192 2.000000000 2
1216 944 3 8192 2.000000000 2
1216 1092 3 8192 2.000000000 2
1216 1264 3 8192 2.000000000 2
1220 92 3 8192 2.000000000 2
1220 156 3 8192 2.000000000 2
1220 180 3 8192 2.000000000 2
1220 220 3 8192 2.000000000 2
1220 312 3 8192 2.000000000 2
1220 320 3 8192 2.000000000 2
1220 376 3 8192 2.000000000 2
1220 420 3 8192 2.000000000 2
1220 516 3 8192 2.000000000 2
1220 556 3 8192 2.000000000 2
1220 644 3 8192 2.000000000 2
1220 900 3 8192 2.000000000 2
1220 960 3 8192 2.000000000 2
1220 1052 3 8192 2.000000000 2
1220 1228 3 8192 2.000000000 2
1220 1244 3 8192 2.000000000 2
1224 12 3 8192 2.000000000 2
1224 32 3 8192 2.000000000 2
1224 92 3 8192 2.000000000 2
1224 348 3 8192 2.000000000 2
1224 440 3 8192 2.000000000 2
1224 724 3 8192 2.000000000 2
1224 812 3 8192 2.000000000 2
1224 876 3 8192 2.000000000 2
1224 1100 3 8192 2.000000000 2
1224 1132 3 8192 2.000000000 2
1224 1156 3 8192 2.000000000 2
1224 1192 3 8192 2.000000000 2
1228 76 3 8192 2.000000000 2
1228 120 3 8192 2.000000000 2
1228 320 3 8192 2.000000000 2
1228 860 3 8192 2.000000000 2
1228 920 3 8192 2.000000000 2
1232 0 3 8192 2.000000000 2
1232 80 3 8192 2.000000000 2
1232 268 3 8192 2.000000000 2
1232 276 3 8192 2.000000000 2
1232 364 3 8192 2.000000000 2
1232 728 3 8192 2.000000000 2
1232 944 3 8192 2.000000000 2
1232 1104 3 8192 2.000000000 2
1232 1192 3 8192 2.000000000 2
1236 80 3 8192 2.000000000 2
1236 216 3 8192 2.000000000 2
1236 432 3 8192 2.000000000 2
1236 440 3 8192 2.000000000 2
1236 448 3 8192 2.000000000 2
1236 488 3 8192 2.000000000 2
1236 528 3 8192 2.000000000 2
1236 544 3 8192 2.000000000 2
1236 672 3 8192 2.000000000 2
1236 736 3 8192 2.000000000 2
1236 836 3 8192 2.000000000 2
1236 960 3 8192 2.000000000 2
1236 1020 3 8192 2.000000000 2
1240 52 3 8192 2.000000000 2
1240 312 3 8192 2.000000000 2
1240 444 3 8192 2.000000000 2
1240 484 3 8192 2.000000000 2
1240 568 3 8192 2.000000000 2
1240 760 3 8192 2.000000000 2
1240 780 3 8192 2.000000000 2
1240 808 3 8192 2.000000000 2
1240 916 3 8192 2.000000000 2
1240 1092 3 8192 2.000000000 2
1244 240 3 8192 2.000000000 2
1244 268 3 8192 2.000000000 2
1244 304 3 8192 2.000000000 2
1244 384 3 8192 2.000000000 2
1244 424 3 8192 2.000000000 2
1244 712 3 8192 2.000000000 2
1244 760 3 8192 2.000000000 2
1244 864 3 8192 2.000000000 2
1244 896 3 8192 2.000000000 2
1244 996 3 8192 2.000000000 2
1244 1076 3 8192 2.000000000 2
1252 20 3 8192 2.000000000 2
1252 184 3 8192 2.000000000 2
1252 272 3 8192 2.000000000 2
1252 364 3 8192 2.000000000 2
1252 412 3 8192 2.000000000 2
1252 904 3 8192 2.000000000 2
1252 1068 3 8192 2.000000000 2
1252 1152 3 8192 2.000000000 2
1256 60 3 8192 2.000000000 2
1256 104 3 8192 2.000000000 2
1256 164 3 8192 2.000000000 2
1256 184 3 8192 2.000000000 2
1256 280 3 8192 2.000000000 2
1256 320 3 8192 2.000000000 2
1256 440 3 8192 2.000000000 2
1256 456 3 8192 2.000000000 2
1256 488 3 8192 2.000000000 2
1256 548 3 8192 2.000000000 2
1256 560 3 8192 2.000000000 2
1256 900 3 8192 2.000000000 2
1256 1112 3 8192 2.000000000 2
1256 1152 3 8192 2.000000000 2
1260 96 3 8192 2.000000000 2
1260 508 3 8192 2.000000000 2
1260 520 3 8192 2.000000000 2
1260 824 3 8192 2.000000000 2
1260 1080 3 8192 2.000000000 2
1260 1172 3 8192 2.000000000 2
1260 1200 3 8192 2.000000000 2
1264 68 3 8192 2.000000000 2
1264 156 3 8192 2.000000000 2
1264 432 3 8192 2.000000000 2
1264 1036 3 8192 2.000000000 2
1264 1252 3 8192 2.000000000 2
1272 224 3 8192 2.000000000 2
1272 280 3 8192 2.000000000 2
1272 324 3 8192 2.000000000 2
1272 360 3 8192 2.000000000 2
1272 440 3 8192 2.000000000 2
1272 852 3 8192 2.000000000 2
1272 1060 3 8192 2.000000000 2
1272 1096 3 8192 2.000000000 2
1272 1128 3 8192 2.000000000 2
1276 180 3 8192 2.000000000 2
1276 384 3 8192 2.000000000 2
1276 1024 3 8192 2.000000000 2
1276 1244 3 8192 2.000000000 2
1276 1260 3 8192 2.000000000 2
