256
0 700 3 8192 2.000000000 2
0 912 3 8192 2.000000000 2
4 1204 3 8192 2.000000000 2
8 596 3 8192 2.000000000 2
8 700 3 8192 2.000000000 2
12 676 3 8192 2.000000000 2
12 760 3 8192 2.000000000 2
16 1056 3 8192 2.000000000 2
20 524 3 8192 2.000000000 2
20 708 3 8192 2.000000000 2
24 820 3 8192 2.000000000 2
24 872 3 8192 2.000000000 2
48 160 3 8192 2.000000000 2
48 528 3 8192 2.000000000 2
48 1160 3 8192 2.000000000 2
64 672 3 8192 2.000000000 2
64 760 3 8192 2.000000000 2
64 808 3 8192 2.000000000 2
68 240 3 8192 2.000000000 2
76 88 3 8192 2.000000000 2
76 544 3 8192 2.000000000 2
76 1220 3 8192 2.000000000 2
80 548 3 8192 2.000000000 2
80 860 3 8192 2.000000000 2
84 392 3 8192 2.000000000 2
84 708 3 8192 2.000000000 2
84 1236 3 8192 2.000000000 2
92 80 3 8192 2.000000000 2
96 444 3 8192 2.000000000 2
100 148 3 8192 2.000000000 2
104 688 3 8192 2.000000000 2
108 236 3 8192 2.000000000 2
132 280 3 8192 2.000000000 2
132 704 3 8192 2.000000000 2
152 1224 3 8192 2.000000000 2
160 756 3 8192 2.000000000 2
164 896 3 8192 2.000000000 2
172 1084 3 8192 2.000000000 2
184 412 3 8192 2.000000000 2
184 504 3 8192 2.000000000 2
184 676 3 8192 2.000000000 2
196 708 3 8192 2.000000000 2
200 88 3 8192 2.000000000 2
208 1060 3 8192 2.000000000 2
216 8 3 8192 2.000000000 2
220 444 3 8192 2.000000000 2
220 840 3 8192 2.000000000 2
224 1252 3 8192 2.000000000 2
236 1020 3 8192 2.000000000 2
240 1076 3 8192 2.000000000 2
256 508 3 8192 2.000000000 2
264 1116 3 8192 2.000000000 2
276 156 3 8192 2.000000000 2
280 136 3 8192 2.000000000 2
292 72 3 8192 2.000000000 2
292 1188 3 8192 2.000000000 2
296 536 3 8192 2.000000000 2
296 904 3 8192 2.000000000 2
296 1264 3 8192 2.000000000 2
300 1244 3 8192 2.000000000 2
304 40 3 8192 2.000000000 2
304 268 3 8192 2.000000000 2
304 1164 3 8192 2.000000000 2
316 108 3 8192 2.000000000 2
316 1164 3 8192 2.000000000 2
324 448 3 8192 2.000000000 2
328 516 3 8192 2.000000000 2
344 136 3 8192 2.000000000 2
344 148 3 8192 2.000000000 2
344 1024 3 8192 2.000000000 2
348 912 3 8192 2.000000000 2
352 1068 3 8192 2.000000000 2
360 508 3 8192 2.000000000 2
360 652 3 8192 2.000000000 2
364 428 3 8192 2.000000000 2
368 124 3 8192 2.000000000 2
368 996 3 8192 2.000000000 2
368 1036 3 8192 2.000000000 2
376 508 3 8192 2.000000000 2
384 424 3 8192 2.000000000 2
384 516 3 8192 2.000000000 2
384 1020 3 8192 2.000000000 2
384 1244 3 8192 2.000000000 2
392 1028 3 8192 2.000000000 2
396 676 3 8192 2.000000000 2
396 944 3 8192 2.000000000 2
408 504 3 8192 2.000000000 2
412 500 3 8192 2.000000000 2
420 608 3 8192 2.000000000 2
420 1216 3 8192 2.000000000 2
432 328 3 8192 2.000000000 2
440 40 3 8192 2.000000000 2
444 640 3 8192 2.000000000 2
444 1148 3 8192 2.000000000 2
448 1224 3 8192 2.000000000 2
456 752 3 8192 2.000000000 2
464 228 3 8192 2.000000000 2
468 328 3 8192 2.000000000 2
468 556 3 8192 2.000000000 2
472 940 3 8192 2.000000000 2
472 1196 3 8192 2.000000000 2
476 52 3 8192 2.000000000 2
476 64 3 8192 2.000000000 2
484 68 3 8192 2.000000000 2
484 212 3 8192 2.000000000 2
488 228 3 8192 2.000000000 2
496 172 3 8192 2.000000000 2
504 1264 3 8192 2.000000000 2
508 412 3 8192 2.000000000 2
512 252 3 8192 2.000000000 2
512 1184 3 8192 2.000000000 2
520 936 3 8192 2.000000000 2
524 1004 3 8192 2.000000000 2
532 484 3 8192 2.000000000 2
532 712 3 8192 2.000000000 2
536 684 3 8192 2.000000000 2
544 500 3 8192 2.000000000 2
548 996 3 8192 2.000000000 2
552 180 3 8192 2.000000000 2
552 728 3 8192 2.000000000 2
556 60 3 8192 2.000000000 2
556 288 3 8192 2.000000000 2
568 644 3 8192 2.000000000 2
580 860 3 8192 2.000000000 2
596 300 3 8192 2.000000000 2
596 1164 3 8192 2.000000000 2
600 76 3 8192 2.000000000 2
604 40 3 8192 2.000000000 2
608 588 3 8192 2.000000000 2
616 224 3 8192 2.000000000 2
624 1168 3 8192 2.000000000 2
640 432 3 8192 2.000000000 2
640 1056 3 8192 2.000000000 2
644 296 3 8192 2.000000000 2
660 604 3 8192 2.000000000 2
672 492 3 8192 2.000000000 2
672 808 3 8192 2.000000000 2
672 820 3 8192 2.000000000 2
684 556 3 8192 2.000000000 2
688 712 3 8192 2.000000000 2
692 208 3 8192 2.000000000 2
692 676 3 8192 2.000000000 2
696 364 3 8192 2.000000000 2
700 884 3 8192 2.000000000 2
704 980 3 8192 2.000000000 2
708 852 3 8192 2.000000000 2
708 1012 3 8192 2.000000000 2
708 1204 3 8192 2.000000000 2
712 1104 3 8192 2.000000000 2
728 408 3 8192 2.000000000 2
732 496 3 8192 2.000000000 2
732 600 3 8192 2.000000000 2
732 936 3 8192 2.000000000 2
736 184 3 8192 2.000000000 2
736 940 3 8192 2.000000000 2
744 560 3 8192 2.000000000 2
756 260 3 8192 2.000000000 2
756 832 3 8192 2.000000000 2
768 988 3 8192 2.000000000 2
780 888 3 8192 2.000000000 2
796 364 3 8192 2.000000000 2
800 292 3 8192 2.000000000 2
800 1072 3 8192 2.000000000 2
800 1112 3 8192 2.000000000 2
804 884 3 8192 2.000000000 2
808 1216 3 8192 2.000000000 2
816 148 3 8192 2.000000000 2
820 1184 3 8192 2.000000000 2
820 1276 3 8192 2.000000000 2
832 100 3 8192 2.000000000 2
836 1060 3 8192 2.000000000 2
840 792 3 8192 2.000000000 2
852 760 3 8192 2.000000000 2
852 1156 3 8192 2.000000000 2
868 536 3 8192 2.000000000 2
872 60 3 8192 2.000000000 2
872 996 3 8192 2.000000000 2
884 548 3 8192 2.000000000 2
888 1028 3 8192 2.000000000 2
904 68 3 8192 2.000000000 2
904 312 3 8192 2.000000000 2
904 1068 3 8192 2.000000000 2
904 1168 3 8192 2.000000000 2
912 68 3 8192 2.000000000 2
916 256 3 8192 2.000000000 2
916 1004 3 8192 2.000000000 2
920 728 3 8192 2.000000000 2
936 896 3 8192 2.000000000 2
940 696 3 8192 2.000000000 2
944 236 3 8192 2.000000000 2
948 988 3 8192 2.000000000 2
960 596 3 8192 2.000000000 2
964 516 3 8192 2.000000000 2
964 536 3 8192 2.000000000 2
972 236 3 8192 2.000000000 2
980 124 3 8192 2.000000000 2
980 376 3 8192 2.000000000 2
980 704 3 8192 2.000000000 2
980 1272 3 8192 2.000000000 2
984 624 3 8192 2.000000000 2
988 44 3 8192 2.000000000 2
988 180 3 8192 2.000000000 2
1004 200 3 8192 2.000000000 2
1004 256 3 8192 2.000000000 2
1008 32 3 8192 2.000000000 2
1008 524 3 8192 2.000000000 2
1024 532 3 8192 2.000000000 2
1024 1076 3 8192 2.000000000 2
1032 516 3 8192 2.000000000 2
1032 948 3 8192 2.000000000 2
1036 1256 3 8192 2.000000000 2
1052 1032 3 8192 2.000000000 2
1056 280 3 8192 2.000000000 2
1056 824 3 8192 2.000000000 2
1064 480 3 8192 2.000000000 2
1068 868 3 8192 2.000000000 2
1076 588 3 8192 2.000000000 2
1096 972 3 8192 2.000000000 2
1104 244 3 8192 2.000000000 2
1112 20 3 8192 2.000000000 2
1116 224 3 8192 2.000000000 2
1116 904 3 8192 2.000000000 2
1120 796 3 8192 2.000000000 2
1128 760 3 8192 2.000000000 2
1132 1228 3 8192 2.000000000 2
1132 1276 3 8192 2.000000000 2
1136 840 3 8192 2.000000000 2
1136 1168 3 8192 2.000000000 2
1140 292 3 8192 2.000000000 2
1140 676 3 8192 2.000000000 2
1148 1276 3 8192 2.000000000 2
1160 596 3 8192 2.000000000 2
1164 1192 3 8192 2.000000000 2
1168 164 3 8192 2.000000000 2
1188 216 3 8192 2.000000000 2
1188 1156 3 8192 2.000000000 2
1192 868 3 8192 2.000000000 2
1196 40 3 8192 2.000000000 2
1196 1080 3 8192 2.000000000 2
1212 392 3 8192 2.000000000 2
1212 560 3 8192 2.000000000 2
1212 1112 3 8192 2.000000000 2
1216 212 3 8192 2.000000000 2
1216 1032 3 8192 2.000000000 2
1216 1096 3 8192 2.000000000 2
1220 240 3 8192 2.000000000 2
1220 1072 3 8192 2.000000000 2
1224 264 3 8192 2.000000000 2
1224 1188 3 8192 2.000000000 2
1228 804 3 8192 2.000000000 2
1236 460 3 8192 2.000000000 2
1240 236 3 8192 2.000000000 2
1244 528 3 8192 2.000000000 2
1252 396 3 8192 2.000000000 2
1260 1028 3 8192 2.000000000 2
1276 492 3 8192 2.000000000 2
