256
4 812 3 8192 2.000000000 2
16 136 3 8192 2.000000000 2
16 152 3 8192 2.000000000 2
24 820 3 8192 2.000000000 2
44 144 3 8192 2.000000000 2
44 684 3 8192 2.000000000 2
52 688 3 8192 2.000000000 2
60 428 3 8192 2.000000000 2
64 92 3 8192 2.000000000 2
64 1172 3 8192 2.000000000 2
68 64 3 8192 2.000000000 2
68 592 3 8192 2.000000000 2
80 1028 3 8192 2.000000000 2
88 1232 3 8192 2.000000000 2
92 1084 3 8192 2.000000000 2
104 860 3 8192 2.000000000 2
116 704 3 8192 2.000000000 2
124 676 3 8192 2.000000000 2
124 800 3 8192 2.000000000 2
136 536 3 8192 2.000000000 2
148 344 3 8192 2.000000000 2
148 972 3 8192 2.000000000 2
156 1112 3 8192 2.000000000 2
160 180 3 8192 2.000000000 2
160 1104 3 8192 2.000000000 2
164 1184 3 8192 2.000000000 2
180 664 3 8192 2.000000000 2
180 1148 3 8192 2.000000000 2
184 352 3 8192 2.000000000 2
184 504 3 8192 2.000000000 2
184 756 3 8192 2.000000000 2
196 1224 3 8192 2.000000000 2
204 476 3 8192 2.000000000 2
220 44 3 8192 2.000000000 2
220 604 3 8192 2.000000000 2
220 1168 3 8192 2.000000000 2
224 868 3 8192 2.000000000 2
224 1188 3 8192 2.000000000 2
224 1196 3 8192 2.000000000 2
228 408 3 8192 2.000000000 2
228 984 3 8192 2.000000000 2
228 1148 3 8192 2.000000000 2
232 216 3 8192 2.000000000 2
236 8 3 8192 2.000000000 2
236 12 3 8192 2.000000000 2
236 44 3 8192 2.000000000 2
240 568 3 8192 2.000000000 2
244 448 3 8192 2.000000000 2
244 704 3 8192 2.000000000 2
252 40 3 8192 2.000000000 2
252 1244 3 8192 2.000000000 2
256 528 3 8192 2.000000000 2
260 928 3 8192 2.000000000 2
264 520 3 8192 2.000000000 2
268 116 3 8192 2.000000000 2
268 120 3 8192 2.000000000 2
268 1080 3 8192 2.000000000 2
272 20 3 8192 2.000000000 2
272 1192 3 8192 2.000000000 2
276 212 3 8192 2.000000000 2
280 152 3 8192 2.000000000 2
280 1112 3 8192 2.000000000 2
292 972 3 8192 2.000000000 2
296 292 3 8192 2.000000000 2
300 324 3 8192 2.000000000 2
300 808 3 8192 2.000000000 2
304 736 3 8192 2.000000000 2
312 100 3 8192 2.000000000 2
320 384 3 8192 2.000000000 2
320 980 3 8192 2.000000000 2
324 672 3 8192 2.000000000 2
324 1164 3 8192 2.000000000 2
348 92 3 8192 2.000000000 2
352 668 3 8192 2.000000000 2
352 1240 3 8192 2.000000000 2
364 1036 3 8192 2.000000000 2
396 240 3 8192 2.000000000 2
408 40 3 8192 2.000000000 2
408 164 3 8192 2.000000000 2
412 136 3 8192 2.000000000 2
420 200 3 8192 2.000000000 2
420 1240 3 8192 2.000000000 2
428 1200 3 8192 2.000000000 2
432 1232 3 8192 2.000000000 2
440 20 3 8192 2.000000000 2
444 316 3 8192 2.000000000 2
460 96 3 8192 2.000000000 2
468 88 3 8192 2.000000000 2
468 236 3 8192 2.000000000 2
468 632 3 8192 2.000000000 2
468 672 3 8192 2.000000000 2
472 552 3 8192 2.000000000 2
476 896 3 8192 2.000000000 2
480 408 3 8192 2.000000000 2
484 272 3 8192 2.000000000 2
488 48 3 8192 2.000000000 2
488 900 3 8192 2.000000000 2
496 504 3 8192 2.000000000 2
496 940 3 8192 2.000000000 2
500 40 3 8192 2.000000000 2
500 464 3 8192 2.000000000 2
504 428 3 8192 2.000000000 2
508 1088 3 8192 2.000000000 2
512 84 3 8192 2.000000000 2
532 428 3 8192 2.000000000 2
552 148 3 8192 2.000000000 2
552 220 3 8192 2.000000000 2
556 940 3 8192 2.000000000 2
556 1120 3 8192 2.000000000 2
560 984 3 8192 2.000000000 2
560 1184 3 8192 2.000000000 2
568 76 3 8192 2.000000000 2
568 848 3 8192 2.000000000 2
568 1096 3 8192 2.000000000 2
572 1136 3 8192 2.000000000 2
580 808 3 8192 2.000000000 2
588 512 3 8192 2.000000000 2
588 668 3 8192 2.000000000 2
592 448 3 8192 2.000000000 2
592 972 3 8192 2.000000000 2
596 364 3 8192 2.000000000 2
600 300 3 8192 2.000000000 2
600 500 3 8192 2.000000000 2
600 652 3 8192 2.000000000 2
604 1112 3 8192 2.000000000 2
604 1120 3 8192 2.000000000 2
616 264 3 8192 2.000000000 2
616 1168 3 8192 2.000000000 2
616 1172 3 8192 2.000000000 2
632 524 3 8192 2.000000000 2
640 1072 3 8192 2.000000000 2
644 1256 3 8192 2.000000000 2
652 732 3 8192 2.000000000 2
660 200 3 8192 2.000000000 2
660 964 3 8192 2.000000000 2
668 52 3 8192 2.000000000 2
672 532 3 8192 2.000000000 2
676 984 3 8192 2.000000000 2
676 1004 3 8192 2.000000000 2
684 548 3 8192 2.000000000 2
688 804 3 8192 2.000000000 2
692 756 3 8192 2.000000000 2
696 84 3 8192 2.000000000 2
696 1220 3 8192 2.000000000 2
700 152 3 8192 2.000000000 2
700 456 3 8192 2.000000000 2
700 652 3 8192 2.000000000 2
704 272 3 8192 2.000000000 2
704 840 3 8192 2.000000000 2
708 444 3 8192 2.000000000 2
708 1212 3 8192 2.000000000 2
716 456 3 8192 2.000000000 2
724 836 3 8192 2.000000000 2
724 948 3 8192 2.000000000 2
728 220 3 8192 2.000000000 2
728 840 3 8192 2.000000000 2
744 104 3 8192 2.000000000 2
744 724 3 8192 2.000000000 2
744 800 3 8192 2.000000000 2
744 1236 3 8192 2.000000000 2
760 568 3 8192 2.000000000 2
768 1212 3 8192 2.000000000 2
780 548 3 8192 2.000000000 2
780 864 3 8192 2.000000000 2
784 288 3 8192 2.000000000 2
804 204 3 8192 2.000000000 2
816 12 3 8192 2.000000000 2
816 1032 3 8192 2.000000000 2
816 1100 3 8192 2.000000000 2
816 1160 3 8192 2.000000000 2
820 536 3 8192 2.000000000 2
824 852 3 8192 2.000000000 2
832 344 3 8192 2.000000000 2
840 1104 3 8192 2.000000000 2
848 260 3 8192 2.000000000 2
852 76 3 8192 2.000000000 2
860 840 3 8192 2.000000000 2
868 1116 3 8192 2.000000000 2
872 216 3 8192 2.000000000 2
876 44 3 8192 2.000000000 2
876 300 3 8192 2.000000000 2
880 548 3 8192 2.000000000 2
880 644 3 8192 2.000000000 2
888 696 3 8192 2.000000000 2
892 100 3 8192 2.000000000 2
892 276 3 8192 2.000000000 2
892 344 3 8192 2.000000000 2
896 76 3 8192 2.000000000 2
896 580 3 8192 2.000000000 2
900 1152 3 8192 2.000000000 2
916 696 3 8192 2.000000000 2
920 68 3 8192 2.000000000 2
920 780 3 8192 2.000000000 2
940 728 3 8192 2.000000000 2
940 1056 3 8192 2.000000000 2
944 888 3 8192 2.000000000 2
944 1004 3 8192 2.000000000 2
968 696 3 8192 2.000000000 2
980 460 3 8192 2.000000000 2
984 16 3 8192 2.000000000 2
984 524 3 8192 2.000000000 2
984 592 3 8192 2.000000000 2
984 732 3 8192 2.000000000 2
988 1192 3 8192 2.000000000 2
996 684 3 8192 2.000000000 2
996 780 3 8192 2.000000000 2
1028 68 3 8192 2.000000000 2
1028 1228 3 8192 2.000000000 2
1032 1272 3 8192 2.000000000 2
1036 852 3 8192 2.000000000 2
1036 920 3 8192 2.000000000 2
1052 84 3 8192 2.000000000 2
1052 580 3 8192 2.000000000 2
1056 1060 3 8192 2.000000000 2
1060 92 3 8192 2.000000000 2
1060 984 3 8192 2.000000000 2
1064 1092 3 8192 2.000000000 2
1068 864 3 8192 2.000000000 2
1068 1140 3 8192 2.000000000 2
1072 868 3 8192 2.000000000 2
1076 196 3 8192 2.000000000 2
1076 276 3 8192 2.000000000 2
1076 428 3 8192 2.000000000 2
1088 516 3 8192 2.000000000 2
1100 64 3 8192 2.000000000 2
1112 420 3 8192 2.000000000 2
1116 744 3 8192 2.000000000 2
1120 1224 3 8192 2.000000000 2
1128 48 3 8192 2.000000000 2
1128 1112 3 8192 2.000000000 2
1136 964 3 8192 2.000000000 2
1140 472 3 8192 2.000000000 2
1148 296 3 8192 2.000000000 2
1148 412 3 8192 2.000000000 2
1152 96 3 8192 2.000000000 2
1152 520 3 8192 2.000000000 2
1156 484 3 8192 2.000000000 2
1172 860 3 8192 2.000000000 2
1176 144 3 8192 2.000000000 2
1192 700 3 8192 2.000000000 2
1196 1080 3 8192 2.000000000 2
1200 920 3 8192 2.000000000 2
1200 1112 3 8192 2.000000000 2
1204 872 3 8192 2.000000000 2
1212 52 3 8192 2.000000000 2
1212 244 3 8192 2.000000000 2
1220 880 3 8192 2.000000000 2
1220 1092 3 8192 2.000000000 2
1224 4 3 8192 2.000000000 2
1228 652 3 8192 2.000000000 2
1236 108 3 8192 2.000000000 2
1252 1152 3 8192 2.000000000 2
1252 1264 3 8192 2.000000000 2
1260 1212 3 8192 2.000000000 2
1264 244 3 8192 2.000000000 2
1272 324 3 8192 2.000000000 2
