256
4 272 3 8192 2.000000000 2
4 912 3 8192 2.000000000 2
8 108 3 8192 2.000000000 2
8 496 3 8192 2.000000000 2
8 700 3 8192 2.000000000 2
16 212 3 8192 2.000000000 2
16 316 3 8192 2.000000000 2
16 848 3 8192 2.000000000 2
24 40 3 8192 2.000000000 2
32 812 3 8192 2.000000000 2
32 1256 3 8192 2.000000000 2
40 220 3 8192 2.000000000 2
44 268 3 8192 2.000000000 2
44 1104 3 8192 2.000000000 2
44 1220 3 8192 2.000000000 2
48 780 3 8192 2.000000000 2
60 496 3 8192 2.000000000 2
60 840 3 8192 2.000000000 2
64 24 3 8192 2.000000000 2
68 32 3 8192 2.000000000 2
68 504 3 8192 2.000000000 2
68 592 3 8192 2.000000000 2
84 1012 3 8192 2.000000000 2
92 88 3 8192 2.000000000 2
92 964 3 8192 2.000000000 2
96 1136 3 8192 2.000000000 2
96 1264 3 8192 2.000000000 2
104 736 3 8192 2.000000000 2
104 1256 3 8192 2.000000000 2
104 1264 3 8192 2.000000000 2
116 156 3 8192 2.000000000 2
120 816 3 8192 2.000000000 2
124 472 3 8192 2.000000000 2
132 880 3 8192 2.000000000 2
144 948 3 8192 2.000000000 2
148 1004 3 8192 2.000000000 2
152 88 3 8192 2.000000000 2
152 800 3 8192 2.000000000 2
156 44 3 8192 2.000000000 2
164 676 3 8192 2.000000000 2
164 900 3 8192 2.000000000 2
172 872 3 8192 2.000000000 2
172 996 3 8192 2.000000000 2
180 72 3 8192 2.000000000 2
180 816 3 8192 2.000000000 2
212 1272 3 8192 2.000000000 2
220 476 3 8192 2.000000000 2
224 1080 3 8192 2.000000000 2
228 64 3 8192 2.000000000 2
228 120 3 8192 2.000000000 2
228 236 3 8192 2.000000000 2
228 1148 3 8192 2.000000000 2
232 860 3 8192 2.000000000 2
240 896 3 8192 2.000000000 2
244 96 3 8192 2.000000000 2
244 704 3 8192 2.000000000 2
244 1148 3 8192 2.000000000 2
256 60 3 8192 2.000000000 2
260 164 3 8192 2.000000000 2
264 12 3 8192 2.000000000 2
268 272 3 8192 2.000000000 2
268 536 3 8192 2.000000000 2
272 852 3 8192 2.000000000 2
272 928 3 8192 2.000000000 2
272 1100 3 8192 2.000000000 2
276 352 3 8192 2.000000000 2
276 960 3 8192 2.000000000 2
280 220 3 8192 2.000000000 2
288 1168 3 8192 2.000000000 2
292 488 3 8192 2.000000000 2
296 504 3 8192 2.000000000 2
296 1072 3 8192 2.000000000 2
296 1100 3 8192 2.000000000 2
300 864 3 8192 2.000000000 2
304 812 3 8192 2.000000000 2
316 508 3 8192 2.000000000 2
316 1112 3 8192 2.000000000 2
352 1244 3 8192 2.000000000 2
360 1024 3 8192 2.000000000 2
364 208 3 8192 2.000000000 2
376 428 3 8192 2.000000000 2
384 148 3 8192 2.000000000 2
384 1092 3 8192 2.000000000 2
392 600 3 8192 2.000000000 2
392 1028 3 8192 2.000000000 2
392 1216 3 8192 2.000000000 2
396 1240 3 8192 2.000000000 2
408 292 3 8192 2.000000000 2
408 1116 3 8192 2.000000000 2
412 160 3 8192 2.000000000 2
412 1120 3 8192 2.000000000 2
420 1088 3 8192 2.000000000 2
420 1176 3 8192 2.000000000 2
424 368 3 8192 2.000000000 2
428 888 3 8192 2.000000000 2
428 1004 3 8192 2.000000000 2
432 268 3 8192 2.000000000 2
440 1008 3 8192 2.000000000 2
444 376 3 8192 2.000000000 2
444 1252 3 8192 2.000000000 2
460 76 3 8192 2.000000000 2
468 132 3 8192 2.000000000 2
480 1236 3 8192 2.000000000 2
484 488 3 8192 2.000000000 2
488 940 3 8192 2.000000000 2
496 156 3 8192 2.000000000 2
500 668 3 8192 2.000000000 2
500 1192 3 8192 2.000000000 2
504 568 3 8192 2.000000000 2
512 1184 3 8192 2.000000000 2
520 476 3 8192 2.000000000 2
524 888 3 8192 2.000000000 2
528 904 3 8192 2.000000000 2
528 1032 3 8192 2.000000000 2
532 728 3 8192 2.000000000 2
556 1036 3 8192 2.000000000 2
560 1184 3 8192 2.000000000 2
568 848 3 8192 2.000000000 2
580 520 3 8192 2.000000000 2
592 368 3 8192 2.000000000 2
600 1048 3 8192 2.000000000 2
624 876 3 8192 2.000000000 2
624 880 3 8192 2.000000000 2
624 980 3 8192 2.000000000 2
632 468 3 8192 2.000000000 2
632 696 3 8192 2.000000000 2
632 1008 3 8192 2.000000000 2
640 544 3 8192 2.000000000 2
640 708 3 8192 2.000000000 2
640 1072 3 8192 2.000000000 2
640 1252 3 8192 2.000000000 2
644 348 3 8192 2.000000000 2
652 184 3 8192 2.000000000 2
660 280 3 8192 2.000000000 2
660 1256 3 8192 2.000000000 2
664 272 3 8192 2.000000000 2
668 92 3 8192 2.000000000 2
668 508 3 8192 2.000000000 2
668 884 3 8192 2.000000000 2
668 1008 3 8192 2.000000000 2
672 152 3 8192 2.000000000 2
672 368 3 8192 2.000000000 2
672 1096 3 8192 2.000000000 2
676 444 3 8192 2.000000000 2
684 640 3 8192 2.000000000 2
688 1132 3 8192 2.000000000 2
700 604 3 8192 2.000000000 2
700 1052 3 8192 2.000000000 2
704 136 3 8192 2.000000000 2
704 1272 3 8192 2.000000000 2
712 496 3 8192 2.000000000 2
716 888 3 8192 2.000000000 2
744 1100 3 8192 2.000000000 2
756 900 3 8192 2.000000000 2
756 1224 3 8192 2.000000000 2
760 52 3 8192 2.000000000 2
796 124 3 8192 2.000000000 2
804 848 3 8192 2.000000000 2
804 972 3 8192 2.000000000 2
812 220 3 8192 2.000000000 2
812 700 3 8192 2.000000000 2
820 312 3 8192 2.000000000 2
832 348 3 8192 2.000000000 2
836 44 3 8192 2.000000000 2
836 1080 3 8192 2.000000000 2
840 48 3 8192 2.000000000 2
840 632 3 8192 2.000000000 2
852 272 3 8192 2.000000000 2
860 68 3 8192 2.000000000 2
860 468 3 8192 2.000000000 2
864 104 3 8192 2.000000000 2
872 996 3 8192 2.000000000 2
880 288 3 8192 2.000000000 2
884 1164 3 8192 2.000000000 2
888 236 3 8192 2.000000000 2
888 1148 3 8192 2.000000000 2
892 444 3 8192 2.000000000 2
892 904 3 8192 2.000000000 2
900 328 3 8192 2.000000000 2
900 560 3 8192 2.000000000 2
900 1148 3 8192 2.000000000 2
900 1168 3 8192 2.000000000 2
916 1032 3 8192 2.000000000 2
928 1212 3 8192 2.000000000 2
936 1224 3 8192 2.000000000 2
940 448 3 8192 2.000000000 2
940 688 3 8192 2.000000000 2
944 832 3 8192 2.000000000 2
960 1256 3 8192 2.000000000 2
964 704 3 8192 2.000000000 2
968 80 3 8192 2.000000000 2
968 84 3 8192 2.000000000 2
968 780 3 8192 2.000000000 2
968 1164 3 8192 2.000000000 2
980 872 3 8192 2.000000000 2
980 936 3 8192 2.000000000 2
984 348 3 8192 2.000000000 2
984 660 3 8192 2.000000000 2
988 316 3 8192 2.000000000 2
996 684 3 8192 2.000000000 2
1008 1052 3 8192 2.000000000 2
1012 200 3 8192 2.000000000 2
1028 1096 3 8192 2.000000000 2
1032 1060 3 8192 2.000000000 2
1036 8 3 8192 2.000000000 2
1048 204 3 8192 2.000000000 2
1052 512 3 8192 2.000000000 2
1060 560 3 8192 2.000000000 2
1064 988 3 8192 2.000000000 2
1072 592 3 8192 2.000000000 2
1072 1164 3 8192 2.000000000 2
1076 1228 3 8192 2.000000000 2
1080 32 3 8192 2.000000000 2
1084 216 3 8192 2.000000000 2
1084 792 3 8192 2.000000000 2
1088 48 3 8192 2.000000000 2
1088 724 3 8192 2.000000000 2
1092 644 3 8192 2.000000000 2
1096 72 3 8192 2.000000000 2
1100 1236 3 8192 2.000000000 2
1112 468 3 8192 2.000000000 2
1116 260 3 8192 2.000000000 2
1128 588 3 8192 2.000000000 2
1128 1060 3 8192 2.000000000 2
1132 352 3 8192 2.000000000 2
1136 124 3 8192 2.000000000 2
1136 488 3 8192 2.000000000 2
1148 320 3 8192 2.000000000 2
1152 780 3 8192 2.000000000 2
1168 848 3 8192 2.000000000 2
1172 896 3 8192 2.000000000 2
1176 40 3 8192 2.000000000 2
1184 1240 3 8192 2.000000000 2
1188 92 3 8192 2.000000000 2
1188 560 3 8192 2.000000000 2
1192 4 3 8192 2.000000000 2
1200 16 3 8192 2.000000000 2
1200 712 3 8192 2.000000000 2
1200 1020 3 8192 2.000000000 2
1216 240 3 8192 2.000000000 2
1216 464 3 8192 2.000000000 2
1220 76 3 8192 2.000000000 2
1220 472 3 8192 2.000000000 2
1236 868 3 8192 2.000000000 2
1240 484 3 8192 2.000000000 2
1240 544 3 8192 2.000000000 2
1240 964 3 8192 2.000000000 2
1244 644 3 8192 2.000000000 2
1244 1052 3 8192 2.000000000 2
1252 804 3 8192 2.000000000 2
1256 968 3 8192 2.000000000 2
1260 0 3 8192 2.000000000 2
1260 552 3 8192 2.000000000 2
1260 752 3 8192 2.000000000 2
1272 312 3 8192 2.000000000 2
1272 664 3 8192 2.000000000 2
