260
844 416 3 8388608 2.000000000 1
648 1144 3 8388608 2.000000000 1
1268 1000 3 8388608 2.000000000 1
720 1144 3 8388608 2.000000000 1
4 236 3 8192 2.000000000 2
8 96 3 8192 2.000000000 2
8 216 3 8192 2.000000000 2
8 496 3 8192 2.000000000 2
32 40 3 8192 2.000000000 2
32 816 3 8192 2.000000000 2
32 1184 3 8192 2.000000000 2
40 156 3 8192 2.000000000 2
44 1052 3 8192 2.000000000 2
48 568 3 8192 2.000000000 2
60 876 3 8192 2.000000000 2
60 900 3 8192 2.000000000 2
60 916 3 8192 2.000000000 2
64 548 3 8192 2.000000000 2
88 676 3 8192 2.000000000 2
88 744 3 8192 2.000000000 2
92 68 3 8192 2.000000000 2
96 104 3 8192 2.000000000 2
96 216 3 8192 2.000000000 2
96 468 3 8192 2.000000000 2
96 1232 3 8192 2.000000000 2
100 752 3 8192 2.000000000 2
100 1116 3 8192 2.000000000 2
108 264 3 8192 2.000000000 2
124 216 3 8192 2.000000000 2
124 972 3 8192 2.000000000 2
132 316 3 8192 2.000000000 2
132 396 3 8192 2.000000000 2
132 736 3 8192 2.000000000 2
144 64 3 8192 2.000000000 2
144 348 3 8192 2.000000000 2
144 492 3 8192 2.000000000 2
148 220 3 8192 2.000000000 2
148 428 3 8192 2.000000000 2
148 684 3 8192 2.000000000 2
148 1260 3 8192 2.000000000 2
152 1220 3 8192 2.000000000 2
156 408 3 8192 2.000000000 2
160 796 3 8192 2.000000000 2
172 184 3 8192 2.000000000 2
172 876 3 8192 2.000000000 2
196 428 3 8192 2.000000000 2
196 596 3 8192 2.000000000 2
204 396 3 8192 2.000000000 2
204 504 3 8192 2.000000000 2
208 1148 3 8192 2.000000000 2
212 960 3 8192 2.000000000 2
216 580 3 8192 2.000000000 2
220 1008 3 8192 2.000000000 2
228 596 3 8192 2.000000000 2
232 876 3 8192 2.000000000 2
236 644 3 8192 2.000000000 2
240 624 3 8192 2.000000000 2
244 1136 3 8192 2.000000000 2
244 1160 3 8192 2.000000000 2
256 640 3 8192 2.000000000 2
260 928 3 8192 2.000000000 2
268 132 3 8192 2.000000000 2
272 152 3 8192 2.000000000 2
272 304 3 8192 2.000000000 2
272 376 3 8192 2.000000000 2
276 496 3 8192 2.000000000 2
280 376 3 8192 2.000000000 2
280 432 3 8192 2.000000000 2
280 588 3 8192 2.000000000 2
280 1156 3 8192 2.000000000 2
288 88 3 8192 2.000000000 2
288 808 3 8192 2.000000000 2
288 1020 3 8192 2.000000000 2
296 1100 3 8192 2.000000000 2
312 164 3 8192 2.000000000 2
320 412 3 8192 2.000000000 2
320 820 3 8192 2.000000000 2
344 1072 3 8192 2.000000000 2
352 116 3 8192 2.000000000 2
360 652 3 8192 2.000000000 2
360 912 3 8192 2.000000000 2
364 552 3 8192 2.000000000 2
364 560 3 8192 2.000000000 2
364 1220 3 8192 2.000000000 2
368 544 3 8192 2.000000000 2
396 848 3 8192 2.000000000 2
408 1036 3 8192 2.000000000 2
412 1076 3 8192 2.000000000 2
424 24 3 8192 2.000000000 2
428 520 3 8192 2.000000000 2
440 0 3 8192 2.000000000 2
440 1152 3 8192 2.000000000 2
444 1156 3 8192 2.000000000 2
456 1096 3 8192 2.000000000 2
460 24 3 8192 2.000000000 2
460 568 3 8192 2.000000000 2
460 1148 3 8192 2.000000000 2
468 492 3 8192 2.000000000 2
468 600 3 8192 2.000000000 2
472 20 3 8192 2.000000000 2
472 632 3 8192 2.000000000 2
472 640 3 8192 2.000000000 2
484 940 3 8192 2.000000000 2
488 904 3 8192 2.000000000 2
500 792 3 8192 2.000000000 2
508 816 3 8192 2.000000000 2
512 92 3 8192 2.000000000 2
512 124 3 8192 2.000000000 2
520 44 3 8192 2.000000000 2
524 972 3 8192 2.000000000 2
524 1272 3 8192 2.000000000 2
528 784 3 8192 2.000000000 2
528 1084 3 8192 2.000000000 2
532 376 3 8192 2.000000000 2
532 668 3 8192 2.000000000 2
536 68 3 8192 2.000000000 2
536 124 3 8192 2.000000000 2
536 1156 3 8192 2.000000000 2
544 536 3 8192 2.000000000 2
548 76 3 8192 2.000000000 2
548 148 3 8192 2.000000000 2
552 728 3 8192 2.000000000 2
552 784 3 8192 2.000000000 2
552 1012 3 8192 2.000000000 2
560 960 3 8192 2.000000000 2
580 412 3 8192 2.000000000 2
580 496 3 8192 2.000000000 2
580 988 3 8192 2.000000000 2
580 996 3 8192 2.000000000 2
596 780 3 8192 2.000000000 2
600 20 3 8192 2.000000000 2
604 280 3 8192 2.000000000 2
616 792 3 8192 2.000000000 2
616 1152 3 8192 2.000000000 2
624 60 3 8192 2.000000000 2
632 1008 3 8192 2.000000000 2
640 280 3 8192 2.000000000 2
644 884 3 8192 2.000000000 2
652 144 3 8192 2.000000000 2
652 732 3 8192 2.000000000 2
660 724 3 8192 2.000000000 2
664 464 3 8192 2.000000000 2
668 196 3 8192 2.000000000 2
668 616 3 8192 2.000000000 2
672 732 3 8192 2.000000000 2
672 1188 3 8192 2.000000000 2
684 456 3 8192 2.000000000 2
688 236 3 8192 2.000000000 2
700 148 3 8192 2.000000000 2
700 492 3 8192 2.000000000 2
704 792 3 8192 2.000000000 2
716 392 3 8192 2.000000000 2
724 568 3 8192 2.000000000 2
724 1160 3 8192 2.000000000 2
728 32 3 8192 2.000000000 2
736 204 3 8192 2.000000000 2
752 320 3 8192 2.000000000 2
752 348 3 8192 2.000000000 2
756 1152 3 8192 2.000000000 2
760 124 3 8192 2.000000000 2
768 320 3 8192 2.000000000 2
768 672 3 8192 2.000000000 2
780 392 3 8192 2.000000000 2
780 840 3 8192 2.000000000 2
796 512 3 8192 2.000000000 2
796 1212 3 8192 2.000000000 2
800 80 3 8192 2.000000000 2
804 696 3 8192 2.000000000 2
808 4 3 8192 2.000000000 2
816 268 3 8192 2.000000000 2
840 68 3 8192 2.000000000 2
848 300 3 8192 2.000000000 2
848 484 3 8192 2.000000000 2
852 896 3 8192 2.000000000 2
860 1064 3 8192 2.000000000 2
864 624 3 8192 2.000000000 2
868 464 3 8192 2.000000000 2
868 996 3 8192 2.000000000 2
868 1164 3 8192 2.000000000 2
876 184 3 8192 2.000000000 2
884 364 3 8192 2.000000000 2
888 1092 3 8192 2.000000000 2
892 124 3 8192 2.000000000 2
892 784 3 8192 2.000000000 2
892 820 3 8192 2.000000000 2
896 344 3 8192 2.000000000 2
896 716 3 8192 2.000000000 2
912 448 3 8192 2.000000000 2
912 1204 3 8192 2.000000000 2
920 320 3 8192 2.000000000 2
920 688 3 8192 2.000000000 2
928 712 3 8192 2.000000000 2
940 516 3 8192 2.000000000 2
944 1032 3 8192 2.000000000 2
948 272 3 8192 2.000000000 2
948 768 3 8192 2.000000000 2
960 324 3 8192 2.000000000 2
960 948 3 8192 2.000000000 2
964 532 3 8192 2.000000000 2
980 936 3 8192 2.000000000 2
984 132 3 8192 2.000000000 2
996 660 3 8192 2.000000000 2
996 784 3 8192 2.000000000 2
1004 640 3 8192 2.000000000 2
1008 988 3 8192 2.000000000 2
1020 1132 3 8192 2.000000000 2
1032 1228 3 8192 2.000000000 2
1048 580 3 8192 2.000000000 2
1048 1140 3 8192 2.000000000 2
1048 1276 3 8192 2.000000000 2
1056 1264 3 8192 2.000000000 2
1060 72 3 8192 2.000000000 2
1064 296 3 8192 2.000000000 2
1064 596 3 8192 2.000000000 2
1068 668 3 8192 2.000000000 2
1072 528 3 8192 2.000000000 2
1072 1204 3 8192 2.000000000 2
1080 1192 3 8192 2.000000000 2
1084 988 3 8192 2.000000000 2
1088 44 3 8192 2.000000000 2
1092 160 3 8192 2.000000000 2
1092 216 3 8192 2.000000000 2
1100 256 3 8192 2.000000000 2
1112 352 3 8192 2.000000000 2
1112 1012 3 8192 2.000000000 2
1112 1056 3 8192 2.000000000 2
1116 260 3 8192 2.000000000 2
1116 960 3 8192 2.000000000 2
1120 80 3 8192 2.000000000 2
1128 588 3 8192 2.000000000 2
1132 816 3 8192 2.000000000 2
1156 224 3 8192 2.000000000 2
1156 600 3 8192 2.000000000 2
1156 1020 3 8192 2.000000000 2
1160 652 3 8192 2.000000000 2
1160 696 3 8192 2.000000000 2
1164 820 3 8192 2.000000000 2
1164 988 3 8192 2.000000000 2
1168 940 3 8192 2.000000000 2
1168 1052 3 8192 2.000000000 2
1172 928 3 8192 2.000000000 2
1176 212 3 8192 2.000000000 2
1176 808 3 8192 2.000000000 2
1176 1160 3 8192 2.000000000 2
1176 1260 3 8192 2.000000000 2
1184 580 3 8192 2.000000000 2
1188 292 3 8192 2.000000000 2
1204 24 3 8192 2.000000000 2
1212 200 3 8192 2.000000000 2
1212 1032 3 8192 2.000000000 2
1212 1064 3 8192 2.000000000 2
1212 1104 3 8192 2.000000000 2
1216 324 3 8192 2.000000000 2
1220 92 3 8192 2.000000000 2
1220 888 3 8192 2.000000000 2
1228 8 3 8192 2.000000000 2
1236 696 3 8192 2.000000000 2
1240 440 3 8192 2.000000000 2
1244 780 3 8192 2.000000000 2
1252 1056 3 8192 2.000000000 2
