2306
772 576 3 8388608 2.000000000 1
56 828 3 8388608 2.000000000 1
0 8 3 8192 2.000000000 2
0 184 3 8192 2.000000000 2
0 296 3 8192 2.000000000 2
0 484 3 8192 2.000000000 2
0 900 3 8192 2.000000000 2
0 920 3 8192 2.000000000 2
4 40 3 8192 2.000000000 2
4 96 3 8192 2.000000000 2
4 236 3 8192 2.000000000 2
4 244 3 8192 2.000000000 2
4 272 3 8192 2.000000000 2
4 476 3 8192 2.000000000 2
4 912 3 8192 2.000000000 2
4 1136 3 8192 2.000000000 2
4 1216 3 8192 2.000000000 2
8 108 3 8192 2.000000000 2
8 468 3 8192 2.000000000 2
8 496 3 8192 2.000000000 2
8 596 3 8192 2.000000000 2
8 700 3 8192 2.000000000 2
8 704 3 8192 2.000000000 2
8 724 3 8192 2.000000000 2
8 1072 3 8192 2.000000000 2
8 1088 3 8192 2.000000000 2
12 296 3 8192 2.000000000 2
12 424 3 8192 2.000000000 2
12 632 3 8192 2.000000000 2
12 668 3 8192 2.000000000 2
12 1092 3 8192 2.000000000 2
12 1160 3 8192 2.000000000 2
12 1204 3 8192 2.000000000 2
16 44 3 8192 2.000000000 2
16 100 3 8192 2.000000000 2
16 132 3 8192 2.000000000 2
16 212 3 8192 2.000000000 2
16 316 3 8192 2.000000000 2
16 468 3 8192 2.000000000 2
16 668 3 8192 2.000000000 2
16 708 3 8192 2.000000000 2
16 848 3 8192 2.000000000 2
16 980 3 8192 2.000000000 2
16 1024 3 8192 2.000000000 2
16 1056 3 8192 2.000000000 2
16 1276 3 8192 2.000000000 2
20 4 3 8192 2.000000000 2
20 16 3 8192 2.000000000 2
20 444 3 8192 2.000000000 2
20 556 3 8192 2.000000000 2
20 704 3 8192 2.000000000 2
20 732 3 8192 2.000000000 2
20 972 3 8192 2.000000000 2
20 980 3 8192 2.000000000 2
24 40 3 8192 2.000000000 2
24 224 3 8192 2.000000000 2
24 444 3 8192 2.000000000 2
24 532 3 8192 2.000000000 2
24 672 3 8192 2.000000000 2
24 868 3 8192 2.000000000 2
24 972 3 8192 2.000000000 2
24 1084 3 8192 2.000000000 2
32 136 3 8192 2.000000000 2
32 152 3 8192 2.000000000 2
32 384 3 8192 2.000000000 2
32 412 3 8192 2.000000000 2
32 496 3 8192 2.000000000 2
32 524 3 8192 2.000000000 2
32 812 3 8192 2.000000000 2
32 816 3 8192 2.000000000 2
32 964 3 8192 2.000000000 2
32 1172 3 8192 2.000000000 2
32 1256 3 8192 2.000000000 2
40 156 3 8192 2.000000000 2
40 220 3 8192 2.000000000 2
40 784 3 8192 2.000000000 2
40 804 3 8192 2.000000000 2
40 1088 3 8192 2.000000000 2
40 1104 3 8192 2.000000000 2
40 1252 3 8192 2.000000000 2
44 236 3 8192 2.000000000 2
44 268 3 8192 2.000000000 2
44 364 3 8192 2.000000000 2
44 488 3 8192 2.000000000 2
44 668 3 8192 2.000000000 2
44 724 3 8192 2.000000000 2
44 804 3 8192 2.000000000 2
44 980 3 8192 2.000000000 2
44 1104 3 8192 2.000000000 2
44 1220 3 8192 2.000000000 2
48 0 3 8192 2.000000000 2
48 20 3 8192 2.000000000 2
48 196 3 8192 2.000000000 2
48 780 3 8192 2.000000000 2
48 1076 3 8192 2.000000000 2
48 1092 3 8192 2.000000000 2
48 1120 3 8192 2.000000000 2
48 1140 3 8192 2.000000000 2
52 216 3 8192 2.000000000 2
52 320 3 8192 2.000000000 2
52 324 3 8192 2.000000000 2
52 408 3 8192 2.000000000 2
52 476 3 8192 2.000000000 2
52 964 3 8192 2.000000000 2
52 1072 3 8192 2.000000000 2
52 1112 3 8192 2.000000000 2
52 1244 3 8192 2.000000000 2
60 488 3 8192 2.000000000 2
60 496 3 8192 2.000000000 2
60 536 3 8192 2.000000000 2
60 672 3 8192 2.000000000 2
60 800 3 8192 2.000000000 2
60 840 3 8192 2.000000000 2
60 884 3 8192 2.000000000 2
60 1188 3 8192 2.000000000 2
64 24 3 8192 2.000000000 2
64 92 3 8192 2.000000000 2
64 124 3 8192 2.000000000 2
64 144 3 8192 2.000000000 2
64 368 3 8192 2.000000000 2
64 376 3 8192 2.000000000 2
64 476 3 8192 2.000000000 2
64 760 3 8192 2.000000000 2
64 984 3 8192 2.000000000 2
64 1032 3 8192 2.000000000 2
64 1252 3 8192 2.000000000 2
68 32 3 8192 2.000000000 2
68 156 3 8192 2.000000000 2
68 504 3 8192 2.000000000 2
68 592 3 8192 2.000000000 2
68 696 3 8192 2.000000000 2
68 796 3 8192 2.000000000 2
68 1244 3 8192 2.000000000 2
72 80 3 8192 2.000000000 2
72 88 3 8192 2.000000000 2
72 472 3 8192 2.000000000 2
72 604 3 8192 2.000000000 2
72 704 3 8192 2.000000000 2
72 716 3 8192 2.000000000 2
72 872 3 8192 2.000000000 2
72 1024 3 8192 2.000000000 2
72 1148 3 8192 2.000000000 2
76 32 3 8192 2.000000000 2
76 84 3 8192 2.000000000 2
76 412 3 8192 2.000000000 2
76 420 3 8192 2.000000000 2
76 440 3 8192 2.000000000 2
76 468 3 8192 2.000000000 2
76 640 3 8192 2.000000000 2
76 804 3 8192 2.000000000 2
76 880 3 8192 2.000000000 2
76 904 3 8192 2.000000000 2
76 984 3 8192 2.000000000 2
80 20 3 8192 2.000000000 2
80 316 3 8192 2.000000000 2
80 504 3 8192 2.000000000 2
80 696 3 8192 2.000000000 2
80 1184 3 8192 2.000000000 2
84 272 3 8192 2.000000000 2
84 432 3 8192 2.000000000 2
84 708 3 8192 2.000000000 2
84 780 3 8192 2.000000000 2
84 796 3 8192 2.000000000 2
84 948 3 8192 2.000000000 2
84 964 3 8192 2.000000000 2
84 980 3 8192 2.000000000 2
84 1008 3 8192 2.000000000 2
84 1012 3 8192 2.000000000 2
84 1064 3 8192 2.000000000 2
84 1072 3 8192 2.000000000 2
88 68 3 8192 2.000000000 2
88 276 3 8192 2.000000000 2
88 304 3 8192 2.000000000 2
88 420 3 8192 2.000000000 2
88 616 3 8192 2.000000000 2
88 728 3 8192 2.000000000 2
88 880 3 8192 2.000000000 2
88 1004 3 8192 2.000000000 2
88 1152 3 8192 2.000000000 2
88 1276 3 8192 2.000000000 2
92 88 3 8192 2.000000000 2
92 244 3 8192 2.000000000 2
92 640 3 8192 2.000000000 2
92 688 3 8192 2.000000000 2
92 964 3 8192 2.000000000 2
96 220 3 8192 2.000000000 2
96 532 3 8192 2.000000000 2
96 1100 3 8192 2.000000000 2
96 1136 3 8192 2.000000000 2
96 1264 3 8192 2.000000000 2
100 508 3 8192 2.000000000 2
100 672 3 8192 2.000000000 2
100 716 3 8192 2.000000000 2
100 888 3 8192 2.000000000 2
100 1088 3 8192 2.000000000 2
104 508 3 8192 2.000000000 2
104 520 3 8192 2.000000000 2
104 736 3 8192 2.000000000 2
104 780 3 8192 2.000000000 2
104 928 3 8192 2.000000000 2
104 1088 3 8192 2.000000000 2
104 1168 3 8192 2.000000000 2
104 1256 3 8192 2.000000000 2
104 1264 3 8192 2.000000000 2
108 48 3 8192 2.000000000 2
108 224 3 8192 2.000000000 2
108 516 3 8192 2.000000000 2
108 688 3 8192 2.000000000 2
108 972 3 8192 2.000000000 2
116 156 3 8192 2.000000000 2
116 344 3 8192 2.000000000 2
116 424 3 8192 2.000000000 2
116 528 3 8192 2.000000000 2
116 780 3 8192 2.000000000 2
116 784 3 8192 2.000000000 2
116 840 3 8192 2.000000000 2
120 76 3 8192 2.000000000 2
120 164 3 8192 2.000000000 2
120 240 3 8192 2.000000000 2
120 280 3 8192 2.000000000 2
120 816 3 8192 2.000000000 2
120 936 3 8192 2.000000000 2
120 1060 3 8192 2.000000000 2
120 1188 3 8192 2.000000000 2
120 1204 3 8192 2.000000000 2
120 1272 3 8192 2.000000000 2
124 64 3 8192 2.000000000 2
124 408 3 8192 2.000000000 2
124 472 3 8192 2.000000000 2
124 892 3 8192 2.000000000 2
124 1148 3 8192 2.000000000 2
132 4 3 8192 2.000000000 2
132 124 3 8192 2.000000000 2
132 316 3 8192 2.000000000 2
132 444 3 8192 2.000000000 2
132 512 3 8192 2.000000000 2
132 664 3 8192 2.000000000 2
132 876 3 8192 2.000000000 2
132 880 3 8192 2.000000000 2
132 1096 3 8192 2.000000000 2
132 1116 3 8192 2.000000000 2
132 1240 3 8192 2.000000000 2
136 52 3 8192 2.000000000 2
136 156 3 8192 2.000000000 2
136 228 3 8192 2.000000000 2
136 704 3 8192 2.000000000 2
136 784 3 8192 2.000000000 2
136 928 3 8192 2.000000000 2
136 1232 3 8192 2.000000000 2
144 44 3 8192 2.000000000 2
144 76 3 8192 2.000000000 2
144 132 3 8192 2.000000000 2
144 180 3 8192 2.000000000 2
144 232 3 8192 2.000000000 2
144 268 3 8192 2.000000000 2
144 320 3 8192 2.000000000 2
144 460 3 8192 2.000000000 2
144 816 3 8192 2.000000000 2
144 948 3 8192 2.000000000 2
144 1096 3 8192 2.000000000 2
148 596 3 8192 2.000000000 2
148 728 3 8192 2.000000000 2
148 808 3 8192 2.000000000 2
148 968 3 8192 2.000000000 2
148 1004 3 8192 2.000000000 2
148 1084 3 8192 2.000000000 2
148 1252 3 8192 2.000000000 2
148 1264 3 8192 2.000000000 2
152 88 3 8192 2.000000000 2
152 260 3 8192 2.000000000 2
152 472 3 8192 2.000000000 2
152 800 3 8192 2.000000000 2
152 936 3 8192 2.000000000 2
152 1092 3 8192 2.000000000 2
152 1136 3 8192 2.000000000 2
156 44 3 8192 2.000000000 2
156 216 3 8192 2.000000000 2
156 872 3 8192 2.000000000 2
156 920 3 8192 2.000000000 2
156 984 3 8192 2.000000000 2
156 1112 3 8192 2.000000000 2
156 1168 3 8192 2.000000000 2
160 8 3 8192 2.000000000 2
160 52 3 8192 2.000000000 2
160 224 3 8192 2.000000000 2
160 392 3 8192 2.000000000 2
160 552 3 8192 2.000000000 2
160 624 3 8192 2.000000000 2
160 652 3 8192 2.000000000 2
160 684 3 8192 2.000000000 2
160 792 3 8192 2.000000000 2
160 1192 3 8192 2.000000000 2
164 20 3 8192 2.000000000 2
164 268 3 8192 2.000000000 2
164 320 3 8192 2.000000000 2
164 512 3 8192 2.000000000 2
164 560 3 8192 2.000000000 2
164 676 3 8192 2.000000000 2
164 848 3 8192 2.000000000 2
164 896 3 8192 2.000000000 2
164 900 3 8192 2.000000000 2
164 1252 3 8192 2.000000000 2
164 1264 3 8192 2.000000000 2
172 236 3 8192 2.000000000 2
172 344 3 8192 2.000000000 2
172 348 3 8192 2.000000000 2
172 444 3 8192 2.000000000 2
172 472 3 8192 2.000000000 2
172 536 3 8192 2.000000000 2
172 556 3 8192 2.000000000 2
172 712 3 8192 2.000000000 2
172 756 3 8192 2.000000000 2
172 824 3 8192 2.000000000 2
172 872 3 8192 2.000000000 2
172 892 3 8192 2.000000000 2
172 900 3 8192 2.000000000 2
172 996 3 8192 2.000000000 2
172 1088 3 8192 2.000000000 2
172 1148 3 8192 2.000000000 2
180 72 3 8192 2.000000000 2
180 544 3 8192 2.000000000 2
180 632 3 8192 2.000000000 2
180 664 3 8192 2.000000000 2
180 704 3 8192 2.000000000 2
180 816 3 8192 2.000000000 2
180 832 3 8192 2.000000000 2
180 840 3 8192 2.000000000 2
180 912 3 8192 2.000000000 2
180 1056 3 8192 2.000000000 2
184 12 3 8192 2.000000000 2
184 84 3 8192 2.000000000 2
184 580 3 8192 2.000000000 2
184 804 3 8192 2.000000000 2
184 1176 3 8192 2.000000000 2
184 1196 3 8192 2.000000000 2
184 1232 3 8192 2.000000000 2
196 276 3 8192 2.000000000 2
196 644 3 8192 2.000000000 2
196 1008 3 8192 2.000000000 2
196 1112 3 8192 2.000000000 2
196 1116 3 8192 2.000000000 2
196 1276 3 8192 2.000000000 2
200 84 3 8192 2.000000000 2
200 148 3 8192 2.000000000 2
200 184 3 8192 2.000000000 2
200 216 3 8192 2.000000000 2
200 376 3 8192 2.000000000 2
200 408 3 8192 2.000000000 2
200 604 3 8192 2.000000000 2
200 896 3 8192 2.000000000 2
200 1048 3 8192 2.000000000 2
200 1120 3 8192 2.000000000 2
204 64 3 8192 2.000000000 2
204 88 3 8192 2.000000000 2
204 104 3 8192 2.000000000 2
204 180 3 8192 2.000000000 2
204 600 3 8192 2.000000000 2
204 800 3 8192 2.000000000 2
204 1012 3 8192 2.000000000 2
208 40 3 8192 2.000000000 2
208 216 3 8192 2.000000000 2
208 316 3 8192 2.000000000 2
208 396 3 8192 2.000000000 2
208 460 3 8192 2.000000000 2
208 536 3 8192 2.000000000 2
208 556 3 8192 2.000000000 2
208 672 3 8192 2.000000000 2
208 784 3 8192 2.000000000 2
208 864 3 8192 2.000000000 2
208 896 3 8192 2.000000000 2
208 1052 3 8192 2.000000000 2
208 1136 3 8192 2.000000000 2
208 1212 3 8192 2.000000000 2
212 296 3 8192 2.000000000 2
212 568 3 8192 2.000000000 2
212 820 3 8192 2.000000000 2
212 1272 3 8192 2.000000000 2
216 24 3 8192 2.000000000 2
216 352 3 8192 2.000000000 2
216 368 3 8192 2.000000000 2
216 428 3 8192 2.000000000 2
216 696 3 8192 2.000000000 2
216 896 3 8192 2.000000000 2
216 1212 3 8192 2.000000000 2
216 1228 3 8192 2.000000000 2
220 476 3 8192 2.000000000 2
220 496 3 8192 2.000000000 2
220 664 3 8192 2.000000000 2
220 672 3 8192 2.000000000 2
220 780 3 8192 2.000000000 2
220 864 3 8192 2.000000000 2
220 1012 3 8192 2.000000000 2
220 1084 3 8192 2.000000000 2
224 144 3 8192 2.000000000 2
224 152 3 8192 2.000000000 2
224 268 3 8192 2.000000000 2
224 368 3 8192 2.000000000 2
224 440 3 8192 2.000000000 2
224 488 3 8192 2.000000000 2
224 996 3 8192 2.000000000 2
224 1080 3 8192 2.000000000 2
224 1212 3 8192 2.000000000 2
228 64 3 8192 2.000000000 2
228 100 3 8192 2.000000000 2
228 116 3 8192 2.000000000 2
228 120 3 8192 2.000000000 2
228 236 3 8192 2.000000000 2
228 396 3 8192 2.000000000 2
228 604 3 8192 2.000000000 2
228 644 3 8192 2.000000000 2
228 1024 3 8192 2.000000000 2
228 1148 3 8192 2.000000000 2
228 1168 3 8192 2.000000000 2
228 1196 3 8192 2.000000000 2
228 1276 3 8192 2.000000000 2
232 84 3 8192 2.000000000 2
232 500 3 8192 2.000000000 2
232 556 3 8192 2.000000000 2
232 732 3 8192 2.000000000 2
232 860 3 8192 2.000000000 2
232 1104 3 8192 2.000000000 2
236 204 3 8192 2.000000000 2
236 792 3 8192 2.000000000 2
236 836 3 8192 2.000000000 2
236 1076 3 8192 2.000000000 2
236 1100 3 8192 2.000000000 2
236 1184 3 8192 2.000000000 2
236 1200 3 8192 2.000000000 2
240 136 3 8192 2.000000000 2
240 268 3 8192 2.000000000 2
240 312 3 8192 2.000000000 2
240 508 3 8192 2.000000000 2
240 520 3 8192 2.000000000 2
240 688 3 8192 2.000000000 2
240 872 3 8192 2.000000000 2
240 896 3 8192 2.000000000 2
240 1184 3 8192 2.000000000 2
244 52 3 8192 2.000000000 2
244 96 3 8192 2.000000000 2
244 208 3 8192 2.000000000 2
244 288 3 8192 2.000000000 2
244 292 3 8192 2.000000000 2
244 496 3 8192 2.000000000 2
244 552 3 8192 2.000000000 2
244 668 3 8192 2.000000000 2
244 704 3 8192 2.000000000 2
244 1148 3 8192 2.000000000 2
244 1192 3 8192 2.000000000 2
244 1204 3 8192 2.000000000 2
244 1264 3 8192 2.000000000 2
252 96 3 8192 2.000000000 2
252 692 3 8192 2.000000000 2
252 1020 3 8192 2.000000000 2
252 1060 3 8192 2.000000000 2
252 1064 3 8192 2.000000000 2
252 1068 3 8192 2.000000000 2
252 1260 3 8192 2.000000000 2
256 16 3 8192 2.000000000 2
256 60 3 8192 2.000000000 2
256 100 3 8192 2.000000000 2
256 104 3 8192 2.000000000 2
256 244 3 8192 2.000000000 2
256 304 3 8192 2.000000000 2
256 324 3 8192 2.000000000 2
256 512 3 8192 2.000000000 2
256 876 3 8192 2.000000000 2
256 1056 3 8192 2.000000000 2
256 1236 3 8192 2.000000000 2
260 164 3 8192 2.000000000 2
260 212 3 8192 2.000000000 2
260 352 3 8192 2.000000000 2
260 360 3 8192 2.000000000 2
260 536 3 8192 2.000000000 2
260 840 3 8192 2.000000000 2
260 868 3 8192 2.000000000 2
260 968 3 8192 2.000000000 2
260 1100 3 8192 2.000000000 2
260 1152 3 8192 2.000000000 2
260 1212 3 8192 2.000000000 2
264 12 3 8192 2.000000000 2
264 1008 3 8192 2.000000000 2
264 1116 3 8192 2.000000000 2
268 84 3 8192 2.000000000 2
268 272 3 8192 2.000000000 2
268 396 3 8192 2.000000000 2
268 432 3 8192 2.000000000 2
268 536 3 8192 2.000000000 2
268 632 3 8192 2.000000000 2
268 820 3 8192 2.000000000 2
268 1072 3 8192 2.000000000 2
268 1080 3 8192 2.000000000 2
268 1132 3 8192 2.000000000 2
268 1204 3 8192 2.000000000 2
272 304 3 8192 2.000000000 2
272 360 3 8192 2.000000000 2
272 364 3 8192 2.000000000 2
272 456 3 8192 2.000000000 2
272 588 3 8192 2.000000000 2
272 768 3 8192 2.000000000 2
272 852 3 8192 2.000000000 2
272 928 3 8192 2.000000000 2
272 936 3 8192 2.000000000 2
272 1100 3 8192 2.000000000 2
272 1140 3 8192 2.000000000 2
272 1156 3 8192 2.000000000 2
276 72 3 8192 2.000000000 2
276 104 3 8192 2.000000000 2
276 132 3 8192 2.000000000 2
276 264 3 8192 2.000000000 2
276 352 3 8192 2.000000000 2
276 392 3 8192 2.000000000 2
276 488 3 8192 2.000000000 2
276 560 3 8192 2.000000000 2
276 644 3 8192 2.000000000 2
276 756 3 8192 2.000000000 2
276 960 3 8192 2.000000000 2
276 988 3 8192 2.000000000 2
276 1184 3 8192 2.000000000 2
276 1256 3 8192 2.000000000 2
280 32 3 8192 2.000000000 2
280 44 3 8192 2.000000000 2
280 48 3 8192 2.000000000 2
280 220 3 8192 2.000000000 2
280 328 3 8192 2.000000000 2
280 432 3 8192 2.000000000 2
280 736 3 8192 2.000000000 2
280 816 3 8192 2.000000000 2
280 820 3 8192 2.000000000 2
280 840 3 8192 2.000000000 2
280 892 3 8192 2.000000000 2
280 904 3 8192 2.000000000 2
280 940 3 8192 2.000000000 2
280 1024 3 8192 2.000000000 2
280 1212 3 8192 2.000000000 2
288 44 3 8192 2.000000000 2
288 48 3 8192 2.000000000 2
288 52 3 8192 2.000000000 2
288 268 3 8192 2.000000000 2
288 568 3 8192 2.000000000 2
288 596 3 8192 2.000000000 2
288 984 3 8192 2.000000000 2
288 1048 3 8192 2.000000000 2
288 1168 3 8192 2.000000000 2
292 4 3 8192 2.000000000 2
292 196 3 8192 2.000000000 2
292 488 3 8192 2.000000000 2
292 544 3 8192 2.000000000 2
292 916 3 8192 2.000000000 2
292 936 3 8192 2.000000000 2
292 1032 3 8192 2.000000000 2
292 1104 3 8192 2.000000000 2
292 1164 3 8192 2.000000000 2
292 1188 3 8192 2.000000000 2
296 120 3 8192 2.000000000 2
296 256 3 8192 2.000000000 2
296 504 3 8192 2.000000000 2
296 888 3 8192 2.000000000 2
296 1020 3 8192 2.000000000 2
296 1072 3 8192 2.000000000 2
296 1100 3 8192 2.000000000 2
300 96 3 8192 2.000000000 2
300 120 3 8192 2.000000000 2
300 212 3 8192 2.000000000 2
300 316 3 8192 2.000000000 2
300 344 3 8192 2.000000000 2
300 440 3 8192 2.000000000 2
300 792 3 8192 2.000000000 2
300 864 3 8192 2.000000000 2
300 964 3 8192 2.000000000 2
300 1008 3 8192 2.000000000 2
304 424 3 8192 2.000000000 2
304 492 3 8192 2.000000000 2
304 524 3 8192 2.000000000 2
304 652 3 8192 2.000000000 2
304 812 3 8192 2.000000000 2
304 824 3 8192 2.000000000 2
304 836 3 8192 2.000000000 2
304 940 3 8192 2.000000000 2
312 32 3 8192 2.000000000 2
312 60 3 8192 2.000000000 2
312 148 3 8192 2.000000000 2
312 516 3 8192 2.000000000 2
312 580 3 8192 2.000000000 2
312 688 3 8192 2.000000000 2
312 704 3 8192 2.000000000 2
312 712 3 8192 2.000000000 2
312 1048 3 8192 2.000000000 2
312 1224 3 8192 2.000000000 2
316 32 3 8192 2.000000000 2
316 220 3 8192 2.000000000 2
316 360 3 8192 2.000000000 2
316 428 3 8192 2.000000000 2
316 508 3 8192 2.000000000 2
316 728 3 8192 2.000000000 2
316 784 3 8192 2.000000000 2
316 984 3 8192 2.000000000 2
316 1112 3 8192 2.000000000 2
316 1244 3 8192 2.000000000 2
320 228 3 8192 2.000000000 2
320 344 3 8192 2.000000000 2
320 384 3 8192 2.000000000 2
320 512 3 8192 2.000000000 2
320 752 3 8192 2.000000000 2
320 1256 3 8192 2.000000000 2
324 100 3 8192 2.000000000 2
324 276 3 8192 2.000000000 2
324 516 3 8192 2.000000000 2
324 524 3 8192 2.000000000 2
324 536 3 8192 2.000000000 2
324 704 3 8192 2.000000000 2
324 796 3 8192 2.000000000 2
324 980 3 8192 2.000000000 2
324 1140 3 8192 2.000000000 2
328 96 3 8192 2.000000000 2
328 208 3 8192 2.000000000 2
328 288 3 8192 2.000000000 2
328 296 3 8192 2.000000000 2
328 520 3 8192 2.000000000 2
328 524 3 8192 2.000000000 2
328 652 3 8192 2.000000000 2
328 768 3 8192 2.000000000 2
328 876 3 8192 2.000000000 2
328 888 3 8192 2.000000000 2
328 916 3 8192 2.000000000 2
328 1196 3 8192 2.000000000 2
344 428 3 8192 2.000000000 2
344 672 3 8192 2.000000000 2
344 692 3 8192 2.000000000 2
344 756 3 8192 2.000000000 2
344 804 3 8192 2.000000000 2
344 852 3 8192 2.000000000 2
344 896 3 8192 2.000000000 2
348 84 3 8192 2.000000000 2
348 256 3 8192 2.000000000 2
348 424 3 8192 2.000000000 2
348 616 3 8192 2.000000000 2
348 688 3 8192 2.000000000 2
348 696 3 8192 2.000000000 2
348 708 3 8192 2.000000000 2
348 936 3 8192 2.000000000 2
348 988 3 8192 2.000000000 2
352 240 3 8192 2.000000000 2
352 484 3 8192 2.000000000 2
352 604 3 8192 2.000000000 2
352 812 3 8192 2.000000000 2
352 984 3 8192 2.000000000 2
352 1060 3 8192 2.000000000 2
352 1088 3 8192 2.000000000 2
352 1112 3 8192 2.000000000 2
352 1176 3 8192 2.000000000 2
352 1244 3 8192 2.000000000 2
352 1272 3 8192 2.000000000 2
360 172 3 8192 2.000000000 2
360 220 3 8192 2.000000000 2
360 232 3 8192 2.000000000 2
360 348 3 8192 2.000000000 2
360 384 3 8192 2.000000000 2
360 428 3 8192 2.000000000 2
360 532 3 8192 2.000000000 2
360 668 3 8192 2.000000000 2
360 912 3 8192 2.000000000 2
360 1024 3 8192 2.000000000 2
364 32 3 8192 2.000000000 2
364 84 3 8192 2.000000000 2
364 204 3 8192 2.000000000 2
364 208 3 8192 2.000000000 2
364 312 3 8192 2.000000000 2
364 396 3 8192 2.000000000 2
364 588 3 8192 2.000000000 2
364 660 3 8192 2.000000000 2
364 920 3 8192 2.000000000 2
364 1196 3 8192 2.000000000 2
368 104 3 8192 2.000000000 2
368 108 3 8192 2.000000000 2
368 312 3 8192 2.000000000 2
368 484 3 8192 2.000000000 2
368 984 3 8192 2.000000000 2
376 4 3 8192 2.000000000 2
376 316 3 8192 2.000000000 2
376 364 3 8192 2.000000000 2
376 392 3 8192 2.000000000 2
376 428 3 8192 2.000000000 2
376 456 3 8192 2.000000000 2
376 508 3 8192 2.000000000 2
376 968 3 8192 2.000000000 2
376 980 3 8192 2.000000000 2
384 148 3 8192 2.000000000 2
384 424 3 8192 2.000000000 2
384 716 3 8192 2.000000000 2
384 836 3 8192 2.000000000 2
384 936 3 8192 2.000000000 2
384 1092 3 8192 2.000000000 2
392 148 3 8192 2.000000000 2
392 200 3 8192 2.000000000 2
392 268 3 8192 2.000000000 2
392 484 3 8192 2.000000000 2
392 532 3 8192 2.000000000 2
392 600 3 8192 2.000000000 2
392 972 3 8192 2.000000000 2
392 1028 3 8192 2.000000000 2
392 1068 3 8192 2.000000000 2
392 1216 3 8192 2.000000000 2
396 228 3 8192 2.000000000 2
396 264 3 8192 2.000000000 2
396 552 3 8192 2.000000000 2
396 676 3 8192 2.000000000 2
396 760 3 8192 2.000000000 2
396 968 3 8192 2.000000000 2
396 1068 3 8192 2.000000000 2
396 1176 3 8192 2.000000000 2
396 1200 3 8192 2.000000000 2
396 1240 3 8192 2.000000000 2
396 1252 3 8192 2.000000000 2
408 160 3 8192 2.000000000 2
408 292 3 8192 2.000000000 2
408 296 3 8192 2.000000000 2
408 376 3 8192 2.000000000 2
408 432 3 8192 2.000000000 2
408 484 3 8192 2.000000000 2
408 704 3 8192 2.000000000 2
408 796 3 8192 2.000000000 2
408 1004 3 8192 2.000000000 2
408 1116 3 8192 2.000000000 2
408 1224 3 8192 2.000000000 2
412 160 3 8192 2.000000000 2
412 180 3 8192 2.000000000 2
412 232 3 8192 2.000000000 2
412 456 3 8192 2.000000000 2
412 508 3 8192 2.000000000 2
412 696 3 8192 2.000000000 2
412 852 3 8192 2.000000000 2
412 872 3 8192 2.000000000 2
412 936 3 8192 2.000000000 2
412 1120 3 8192 2.000000000 2
412 1176 3 8192 2.000000000 2
420 12 3 8192 2.000000000 2
420 208 3 8192 2.000000000 2
420 312 3 8192 2.000000000 2
420 324 3 8192 2.000000000 2
420 396 3 8192 2.000000000 2
420 444 3 8192 2.000000000 2
420 704 3 8192 2.000000000 2
420 712 3 8192 2.000000000 2
420 1088 3 8192 2.000000000 2
420 1164 3 8192 2.000000000 2
420 1176 3 8192 2.000000000 2
420 1256 3 8192 2.000000000 2
424 104 3 8192 2.000000000 2
424 196 3 8192 2.000000000 2
424 208 3 8192 2.000000000 2
424 368 3 8192 2.000000000 2
424 376 3 8192 2.000000000 2
424 572 3 8192 2.000000000 2
424 652 3 8192 2.000000000 2
424 716 3 8192 2.000000000 2
424 1120 3 8192 2.000000000 2
424 1272 3 8192 2.000000000 2
428 64 3 8192 2.000000000 2
428 164 3 8192 2.000000000 2
428 180 3 8192 2.000000000 2
428 260 3 8192 2.000000000 2
428 368 3 8192 2.000000000 2
428 460 3 8192 2.000000000 2
428 520 3 8192 2.000000000 2
428 700 3 8192 2.000000000 2
428 704 3 8192 2.000000000 2
428 796 3 8192 2.000000000 2
428 888 3 8192 2.000000000 2
428 1004 3 8192 2.000000000 2
428 1224 3 8192 2.000000000 2
428 1252 3 8192 2.000000000 2
432 44 3 8192 2.000000000 2
432 64 3 8192 2.000000000 2
432 232 3 8192 2.000000000 2
432 268 3 8192 2.000000000 2
432 360 3 8192 2.000000000 2
432 408 3 8192 2.000000000 2
432 472 3 8192 2.000000000 2
432 504 3 8192 2.000000000 2
432 660 3 8192 2.000000000 2
432 1092 3 8192 2.000000000 2
432 1192 3 8192 2.000000000 2
440 12 3 8192 2.000000000 2
440 40 3 8192 2.000000000 2
440 148 3 8192 2.000000000 2
440 240 3 8192 2.000000000 2
440 432 3 8192 2.000000000 2
440 732 3 8192 2.000000000 2
440 736 3 8192 2.000000000 2
440 944 3 8192 2.000000000 2
440 1004 3 8192 2.000000000 2
440 1008 3 8192 2.000000000 2
440 1116 3 8192 2.000000000 2
440 1184 3 8192 2.000000000 2
444 68 3 8192 2.000000000 2
444 376 3 8192 2.000000000 2
444 476 3 8192 2.000000000 2
444 556 3 8192 2.000000000 2
444 756 3 8192 2.000000000 2
444 816 3 8192 2.000000000 2
444 864 3 8192 2.000000000 2
444 1148 3 8192 2.000000000 2
444 1168 3 8192 2.000000000 2
444 1216 3 8192 2.000000000 2
444 1252 3 8192 2.000000000 2
444 1276 3 8192 2.000000000 2
448 292 3 8192 2.000000000 2
448 588 3 8192 2.000000000 2
448 896 3 8192 2.000000000 2
448 964 3 8192 2.000000000 2
448 1068 3 8192 2.000000000 2
448 1136 3 8192 2.000000000 2
448 1224 3 8192 2.000000000 2
448 1236 3 8192 2.000000000 2
456 96 3 8192 2.000000000 2
456 276 3 8192 2.000000000 2
456 368 3 8192 2.000000000 2
456 484 3 8192 2.000000000 2
456 492 3 8192 2.000000000 2
456 756 3 8192 2.000000000 2
456 996 3 8192 2.000000000 2
460 76 3 8192 2.000000000 2
460 100 3 8192 2.000000000 2
460 352 3 8192 2.000000000 2
460 412 3 8192 2.000000000 2
460 816 3 8192 2.000000000 2
460 820 3 8192 2.000000000 2
460 824 3 8192 2.000000000 2
464 228 3 8192 2.000000000 2
464 252 3 8192 2.000000000 2
464 544 3 8192 2.000000000 2
464 780 3 8192 2.000000000 2
464 1008 3 8192 2.000000000 2
464 1072 3 8192 2.000000000 2
464 1216 3 8192 2.000000000 2
468 32 3 8192 2.000000000 2
468 52 3 8192 2.000000000 2
468 72 3 8192 2.000000000 2
468 132 3 8192 2.000000000 2
468 304 3 8192 2.000000000 2
468 556 3 8192 2.000000000 2
468 644 3 8192 2.000000000 2
468 984 3 8192 2.000000000 2
468 1136 3 8192 2.000000000 2
468 1160 3 8192 2.000000000 2
468 1200 3 8192 2.000000000 2
472 184 3 8192 2.000000000 2
472 364 3 8192 2.000000000 2
472 408 3 8192 2.000000000 2
472 492 3 8192 2.000000000 2
472 560 3 8192 2.000000000 2
472 596 3 8192 2.000000000 2
472 744 3 8192 2.000000000 2
472 832 3 8192 2.000000000 2
472 1256 3 8192 2.000000000 2
476 8 3 8192 2.000000000 2
476 24 3 8192 2.000000000 2
476 48 3 8192 2.000000000 2
476 52 3 8192 2.000000000 2
476 64 3 8192 2.000000000 2
476 368 3 8192 2.000000000 2
476 500 3 8192 2.000000000 2
476 640 3 8192 2.000000000 2
476 668 3 8192 2.000000000 2
476 948 3 8192 2.000000000 2
476 1080 3 8192 2.000000000 2
476 1172 3 8192 2.000000000 2
476 1252 3 8192 2.000000000 2
480 624 3 8192 2.000000000 2
480 960 3 8192 2.000000000 2
480 1200 3 8192 2.000000000 2
480 1236 3 8192 2.000000000 2
480 1260 3 8192 2.000000000 2
484 196 3 8192 2.000000000 2
484 456 3 8192 2.000000000 2
484 488 3 8192 2.000000000 2
484 580 3 8192 2.000000000 2
484 624 3 8192 2.000000000 2
484 796 3 8192 2.000000000 2
484 884 3 8192 2.000000000 2
484 1256 3 8192 2.000000000 2
488 20 3 8192 2.000000000 2
488 44 3 8192 2.000000000 2
488 60 3 8192 2.000000000 2
488 76 3 8192 2.000000000 2
488 252 3 8192 2.000000000 2
488 360 3 8192 2.000000000 2
488 664 3 8192 2.000000000 2
488 700 3 8192 2.000000000 2
488 796 3 8192 2.000000000 2
488 912 3 8192 2.000000000 2
488 940 3 8192 2.000000000 2
488 1056 3 8192 2.000000000 2
488 1080 3 8192 2.000000000 2
488 1100 3 8192 2.000000000 2
492 92 3 8192 2.000000000 2
492 224 3 8192 2.000000000 2
492 288 3 8192 2.000000000 2
492 428 3 8192 2.000000000 2
492 1020 3 8192 2.000000000 2
492 1156 3 8192 2.000000000 2
492 1164 3 8192 2.000000000 2
492 1204 3 8192 2.000000000 2
492 1224 3 8192 2.000000000 2
492 1252 3 8192 2.000000000 2
496 12 3 8192 2.000000000 2
496 148 3 8192 2.000000000 2
496 156 3 8192 2.000000000 2
496 280 3 8192 2.000000000 2
496 368 3 8192 2.000000000 2
496 412 3 8192 2.000000000 2
496 456 3 8192 2.000000000 2
496 996 3 8192 2.000000000 2
496 1008 3 8192 2.000000000 2
496 1020 3 8192 2.000000000 2
496 1188 3 8192 2.000000000 2
500 76 3 8192 2.000000000 2
500 160 3 8192 2.000000000 2
500 260 3 8192 2.000000000 2
500 668 3 8192 2.000000000 2
500 688 3 8192 2.000000000 2
500 860 3 8192 2.000000000 2
500 984 3 8192 2.000000000 2
500 1032 3 8192 2.000000000 2
500 1192 3 8192 2.000000000 2
504 464 3 8192 2.000000000 2
504 568 3 8192 2.000000000 2
504 624 3 8192 2.000000000 2
504 664 3 8192 2.000000000 2
504 780 3 8192 2.000000000 2
504 824 3 8192 2.000000000 2
508 288 3 8192 2.000000000 2
508 352 3 8192 2.000000000 2
508 384 3 8192 2.000000000 2
508 412 3 8192 2.000000000 2
508 440 3 8192 2.000000000 2
508 616 3 8192 2.000000000 2
508 716 3 8192 2.000000000 2
508 880 3 8192 2.000000000 2
508 1024 3 8192 2.000000000 2
508 1132 3 8192 2.000000000 2
508 1156 3 8192 2.000000000 2
508 1196 3 8192 2.000000000 2
508 1200 3 8192 2.000000000 2
512 368 3 8192 2.000000000 2
512 560 3 8192 2.000000000 2
512 1184 3 8192 2.000000000 2
516 40 3 8192 2.000000000 2
516 420 3 8192 2.000000000 2
516 708 3 8192 2.000000000 2
516 808 3 8192 2.000000000 2
516 944 3 8192 2.000000000 2
520 60 3 8192 2.000000000 2
520 92 3 8192 2.000000000 2
520 228 3 8192 2.000000000 2
520 412 3 8192 2.000000000 2
520 476 3 8192 2.000000000 2
520 548 3 8192 2.000000000 2
520 728 3 8192 2.000000000 2
520 836 3 8192 2.000000000 2
520 852 3 8192 2.000000000 2
520 904 3 8192 2.000000000 2
524 156 3 8192 2.000000000 2
524 328 3 8192 2.000000000 2
524 448 3 8192 2.000000000 2
524 736 3 8192 2.000000000 2
524 888 3 8192 2.000000000 2
524 892 3 8192 2.000000000 2
524 940 3 8192 2.000000000 2
524 1004 3 8192 2.000000000 2
524 1068 3 8192 2.000000000 2
528 120 3 8192 2.000000000 2
528 224 3 8192 2.000000000 2
528 320 3 8192 2.000000000 2
528 460 3 8192 2.000000000 2
528 616 3 8192 2.000000000 2
528 852 3 8192 2.000000000 2
528 860 3 8192 2.000000000 2
528 892 3 8192 2.000000000 2
528 904 3 8192 2.000000000 2
528 920 3 8192 2.000000000 2
528 1032 3 8192 2.000000000 2
528 1116 3 8192 2.000000000 2
528 1136 3 8192 2.000000000 2
528 1212 3 8192 2.000000000 2
528 1224 3 8192 2.000000000 2
532 344 3 8192 2.000000000 2
532 348 3 8192 2.000000000 2
532 428 3 8192 2.000000000 2
532 668 3 8192 2.000000000 2
532 704 3 8192 2.000000000 2
532 728 3 8192 2.000000000 2
532 876 3 8192 2.000000000 2
536 288 3 8192 2.000000000 2
536 300 3 8192 2.000000000 2
536 756 3 8192 2.000000000 2
536 948 3 8192 2.000000000 2
536 1092 3 8192 2.000000000 2
544 76 3 8192 2.000000000 2
544 252 3 8192 2.000000000 2
544 384 3 8192 2.000000000 2
544 392 3 8192 2.000000000 2
544 508 3 8192 2.000000000 2
544 556 3 8192 2.000000000 2
544 832 3 8192 2.000000000 2
544 868 3 8192 2.000000000 2
544 892 3 8192 2.000000000 2
544 1168 3 8192 2.000000000 2
548 12 3 8192 2.000000000 2
548 148 3 8192 2.000000000 2
548 376 3 8192 2.000000000 2
548 568 3 8192 2.000000000 2
548 812 3 8192 2.000000000 2
548 832 3 8192 2.000000000 2
548 940 3 8192 2.000000000 2
548 996 3 8192 2.000000000 2
548 1100 3 8192 2.000000000 2
548 1128 3 8192 2.000000000 2
548 1136 3 8192 2.000000000 2
548 1240 3 8192 2.000000000 2
552 180 3 8192 2.000000000 2
552 688 3 8192 2.000000000 2
552 896 3 8192 2.000000000 2
552 904 3 8192 2.000000000 2
556 536 3 8192 2.000000000 2
556 660 3 8192 2.000000000 2
556 732 3 8192 2.000000000 2
556 760 3 8192 2.000000000 2
556 960 3 8192 2.000000000 2
556 1036 3 8192 2.000000000 2
556 1172 3 8192 2.000000000 2
560 40 3 8192 2.000000000 2
560 136 3 8192 2.000000000 2
560 480 3 8192 2.000000000 2
560 524 3 8192 2.000000000 2
560 732 3 8192 2.000000000 2
560 960 3 8192 2.000000000 2
560 984 3 8192 2.000000000 2
560 1012 3 8192 2.000000000 2
560 1084 3 8192 2.000000000 2
560 1184 3 8192 2.000000000 2
568 60 3 8192 2.000000000 2
568 816 3 8192 2.000000000 2
568 848 3 8192 2.000000000 2
568 896 3 8192 2.000000000 2
568 912 3 8192 2.000000000 2
572 100 3 8192 2.000000000 2
572 280 3 8192 2.000000000 2
572 296 3 8192 2.000000000 2
572 968 3 8192 2.000000000 2
572 1060 3 8192 2.000000000 2
572 1136 3 8192 2.000000000 2
572 1228 3 8192 2.000000000 2
580 16 3 8192 2.000000000 2
580 432 3 8192 2.000000000 2
580 520 3 8192 2.000000000 2
580 676 3 8192 2.000000000 2
580 1192 3 8192 2.000000000 2
588 600 3 8192 2.000000000 2
588 848 3 8192 2.000000000 2
588 1076 3 8192 2.000000000 2
592 244 3 8192 2.000000000 2
592 300 3 8192 2.000000000 2
592 328 3 8192 2.000000000 2
592 368 3 8192 2.000000000 2
592 616 3 8192 2.000000000 2
592 1236 3 8192 2.000000000 2
596 12 3 8192 2.000000000 2
596 424 3 8192 2.000000000 2
596 432 3 8192 2.000000000 2
596 520 3 8192 2.000000000 2
596 544 3 8192 2.000000000 2
596 1036 3 8192 2.000000000 2
596 1164 3 8192 2.000000000 2
596 1168 3 8192 2.000000000 2
596 1236 3 8192 2.000000000 2
600 492 3 8192 2.000000000 2
600 504 3 8192 2.000000000 2
600 556 3 8192 2.000000000 2
600 560 3 8192 2.000000000 2
600 660 3 8192 2.000000000 2
600 820 3 8192 2.000000000 2
600 876 3 8192 2.000000000 2
600 964 3 8192 2.000000000 2
600 1048 3 8192 2.000000000 2
600 1076 3 8192 2.000000000 2
604 44 3 8192 2.000000000 2
604 224 3 8192 2.000000000 2
604 264 3 8192 2.000000000 2
604 616 3 8192 2.000000000 2
604 948 3 8192 2.000000000 2
604 968 3 8192 2.000000000 2
604 1276 3 8192 2.000000000 2
608 40 3 8192 2.000000000 2
608 44 3 8192 2.000000000 2
608 136 3 8192 2.000000000 2
608 272 3 8192 2.000000000 2
608 492 3 8192 2.000000000 2
608 664 3 8192 2.000000000 2
608 672 3 8192 2.000000000 2
608 816 3 8192 2.000000000 2
608 840 3 8192 2.000000000 2
608 864 3 8192 2.000000000 2
608 1176 3 8192 2.000000000 2
616 148 3 8192 2.000000000 2
616 160 3 8192 2.000000000 2
616 440 3 8192 2.000000000 2
616 444 3 8192 2.000000000 2
616 460 3 8192 2.000000000 2
616 500 3 8192 2.000000000 2
616 588 3 8192 2.000000000 2
616 892 3 8192 2.000000000 2
616 912 3 8192 2.000000000 2
616 1028 3 8192 2.000000000 2
616 1160 3 8192 2.000000000 2
616 1236 3 8192 2.000000000 2
624 132 3 8192 2.000000000 2
624 616 3 8192 2.000000000 2
624 876 3 8192 2.000000000 2
624 880 3 8192 2.000000000 2
624 980 3 8192 2.000000000 2
624 984 3 8192 2.000000000 2
624 1028 3 8192 2.000000000 2
624 1036 3 8192 2.000000000 2
624 1164 3 8192 2.000000000 2
632 100 3 8192 2.000000000 2
632 448 3 8192 2.000000000 2
632 468 3 8192 2.000000000 2
632 548 3 8192 2.000000000 2
632 696 3 8192 2.000000000 2
632 912 3 8192 2.000000000 2
632 1008 3 8192 2.000000000 2
632 1052 3 8192 2.000000000 2
632 1192 3 8192 2.000000000 2
640 196 3 8192 2.000000000 2
640 324 3 8192 2.000000000 2
640 544 3 8192 2.000000000 2
640 708 3 8192 2.000000000 2
640 1072 3 8192 2.000000000 2
640 1160 3 8192 2.000000000 2
640 1252 3 8192 2.000000000 2
644 116 3 8192 2.000000000 2
644 348 3 8192 2.000000000 2
644 432 3 8192 2.000000000 2
644 488 3 8192 2.000000000 2
644 780 3 8192 2.000000000 2
644 900 3 8192 2.000000000 2
644 912 3 8192 2.000000000 2
644 1028 3 8192 2.000000000 2
644 1036 3 8192 2.000000000 2
652 184 3 8192 2.000000000 2
652 316 3 8192 2.000000000 2
652 368 3 8192 2.000000000 2
652 396 3 8192 2.000000000 2
652 604 3 8192 2.000000000 2
652 700 3 8192 2.000000000 2
652 808 3 8192 2.000000000 2
652 884 3 8192 2.000000000 2
652 920 3 8192 2.000000000 2
652 936 3 8192 2.000000000 2
652 1032 3 8192 2.000000000 2
660 200 3 8192 2.000000000 2
660 272 3 8192 2.000000000 2
660 280 3 8192 2.000000000 2
660 760 3 8192 2.000000000 2
660 1256 3 8192 2.000000000 2
664 100 3 8192 2.000000000 2
664 272 3 8192 2.000000000 2
664 392 3 8192 2.000000000 2
664 504 3 8192 2.000000000 2
664 520 3 8192 2.000000000 2
664 668 3 8192 2.000000000 2
664 960 3 8192 2.000000000 2
664 1076 3 8192 2.000000000 2
668 0 3 8192 2.000000000 2
668 92 3 8192 2.000000000 2
668 320 3 8192 2.000000000 2
668 508 3 8192 2.000000000 2
668 752 3 8192 2.000000000 2
668 884 3 8192 2.000000000 2
668 1008 3 8192 2.000000000 2
668 1024 3 8192 2.000000000 2
668 1232 3 8192 2.000000000 2
668 1236 3 8192 2.000000000 2
668 1252 3 8192 2.000000000 2
672 152 3 8192 2.000000000 2
672 368 3 8192 2.000000000 2
672 608 3 8192 2.000000000 2
672 984 3 8192 2.000000000 2
672 1096 3 8192 2.000000000 2
676 444 3 8192 2.000000000 2
676 712 3 8192 2.000000000 2
676 872 3 8192 2.000000000 2
676 1020 3 8192 2.000000000 2
676 1084 3 8192 2.000000000 2
676 1156 3 8192 2.000000000 2
684 172 3 8192 2.000000000 2
684 208 3 8192 2.000000000 2
684 556 3 8192 2.000000000 2
684 596 3 8192 2.000000000 2
684 640 3 8192 2.000000000 2
684 1120 3 8192 2.000000000 2
684 1276 3 8192 2.000000000 2
688 144 3 8192 2.000000000 2
688 152 3 8192 2.000000000 2
688 448 3 8192 2.000000000 2
688 508 3 8192 2.000000000 2
688 520 3 8192 2.000000000 2
688 560 3 8192 2.000000000 2
688 588 3 8192 2.000000000 2
688 592 3 8192 2.000000000 2
688 1080 3 8192 2.000000000 2
688 1132 3 8192 2.000000000 2
688 1228 3 8192 2.000000000 2
688 1236 3 8192 2.000000000 2
692 108 3 8192 2.000000000 2
692 120 3 8192 2.000000000 2
692 256 3 8192 2.000000000 2
692 640 3 8192 2.000000000 2
692 672 3 8192 2.000000000 2
692 756 3 8192 2.000000000 2
692 832 3 8192 2.000000000 2
696 228 3 8192 2.000000000 2
696 320 3 8192 2.000000000 2
696 428 3 8192 2.000000000 2
696 484 3 8192 2.000000000 2
696 784 3 8192 2.000000000 2
696 884 3 8192 2.000000000 2
696 1104 3 8192 2.000000000 2
700 144 3 8192 2.000000000 2
700 260 3 8192 2.000000000 2
700 508 3 8192 2.000000000 2
700 604 3 8192 2.000000000 2
700 688 3 8192 2.000000000 2
700 792 3 8192 2.000000000 2
700 824 3 8192 2.000000000 2
700 836 3 8192 2.000000000 2
700 1028 3 8192 2.000000000 2
700 1052 3 8192 2.000000000 2
700 1136 3 8192 2.000000000 2
700 1172 3 8192 2.000000000 2
700 1236 3 8192 2.000000000 2
704 136 3 8192 2.000000000 2
704 148 3 8192 2.000000000 2
704 296 3 8192 2.000000000 2
704 444 3 8192 2.000000000 2
704 556 3 8192 2.000000000 2
704 632 3 8192 2.000000000 2
704 756 3 8192 2.000000000 2
704 804 3 8192 2.000000000 2
704 980 3 8192 2.000000000 2
704 1168 3 8192 2.000000000 2
704 1272 3 8192 2.000000000 2
708 16 3 8192 2.000000000 2
708 364 3 8192 2.000000000 2
708 440 3 8192 2.000000000 2
708 488 3 8192 2.000000000 2
708 624 3 8192 2.000000000 2
708 756 3 8192 2.000000000 2
708 852 3 8192 2.000000000 2
708 1088 3 8192 2.000000000 2
708 1092 3 8192 2.000000000 2
712 64 3 8192 2.000000000 2
712 84 3 8192 2.000000000 2
712 208 3 8192 2.000000000 2
712 376 3 8192 2.000000000 2
712 460 3 8192 2.000000000 2
712 464 3 8192 2.000000000 2
712 484 3 8192 2.000000000 2
712 496 3 8192 2.000000000 2
712 604 3 8192 2.000000000 2
712 808 3 8192 2.000000000 2
712 820 3 8192 2.000000000 2
716 268 3 8192 2.000000000 2
716 316 3 8192 2.000000000 2
716 368 3 8192 2.000000000 2
716 496 3 8192 2.000000000 2
716 660 3 8192 2.000000000 2
716 744 3 8192 2.000000000 2
716 888 3 8192 2.000000000 2
716 904 3 8192 2.000000000 2
724 352 3 8192 2.000000000 2
724 472 3 8192 2.000000000 2
724 524 3 8192 2.000000000 2
724 1072 3 8192 2.000000000 2
724 1084 3 8192 2.000000000 2
728 4 3 8192 2.000000000 2
728 164 3 8192 2.000000000 2
728 312 3 8192 2.000000000 2
728 428 3 8192 2.000000000 2
728 852 3 8192 2.000000000 2
728 864 3 8192 2.000000000 2
728 940 3 8192 2.000000000 2
728 1052 3 8192 2.000000000 2
728 1260 3 8192 2.000000000 2
728 1276 3 8192 2.000000000 2
732 180 3 8192 2.000000000 2
732 572 3 8192 2.000000000 2
732 600 3 8192 2.000000000 2
732 796 3 8192 2.000000000 2
732 812 3 8192 2.000000000 2
732 984 3 8192 2.000000000 2
732 1148 3 8192 2.000000000 2
732 1236 3 8192 2.000000000 2
736 72 3 8192 2.000000000 2
736 124 3 8192 2.000000000 2
736 144 3 8192 2.000000000 2
736 300 3 8192 2.000000000 2
736 384 3 8192 2.000000000 2
736 424 3 8192 2.000000000 2
736 768 3 8192 2.000000000 2
736 848 3 8192 2.000000000 2
736 860 3 8192 2.000000000 2
736 868 3 8192 2.000000000 2
736 1072 3 8192 2.000000000 2
736 1116 3 8192 2.000000000 2
744 64 3 8192 2.000000000 2
744 76 3 8192 2.000000000 2
744 232 3 8192 2.000000000 2
744 328 3 8192 2.000000000 2
744 348 3 8192 2.000000000 2
744 364 3 8192 2.000000000 2
744 412 3 8192 2.000000000 2
744 424 3 8192 2.000000000 2
744 500 3 8192 2.000000000 2
744 520 3 8192 2.000000000 2
744 688 3 8192 2.000000000 2
744 732 3 8192 2.000000000 2
744 864 3 8192 2.000000000 2
744 1100 3 8192 2.000000000 2
752 204 3 8192 2.000000000 2
752 252 3 8192 2.000000000 2
752 296 3 8192 2.000000000 2
752 328 3 8192 2.000000000 2
752 460 3 8192 2.000000000 2
752 592 3 8192 2.000000000 2
752 664 3 8192 2.000000000 2
752 812 3 8192 2.000000000 2
752 880 3 8192 2.000000000 2
752 1076 3 8192 2.000000000 2
752 1184 3 8192 2.000000000 2
756 236 3 8192 2.000000000 2
756 360 3 8192 2.000000000 2
756 424 3 8192 2.000000000 2
756 520 3 8192 2.000000000 2
756 696 3 8192 2.000000000 2
756 792 3 8192 2.000000000 2
756 900 3 8192 2.000000000 2
756 1080 3 8192 2.000000000 2
756 1160 3 8192 2.000000000 2
756 1224 3 8192 2.000000000 2
760 52 3 8192 2.000000000 2
760 116 3 8192 2.000000000 2
760 184 3 8192 2.000000000 2
760 272 3 8192 2.000000000 2
760 376 3 8192 2.000000000 2
760 596 3 8192 2.000000000 2
760 832 3 8192 2.000000000 2
760 964 3 8192 2.000000000 2
760 1056 3 8192 2.000000000 2
760 1148 3 8192 2.000000000 2
768 44 3 8192 2.000000000 2
768 84 3 8192 2.000000000 2
768 264 3 8192 2.000000000 2
768 376 3 8192 2.000000000 2
768 752 3 8192 2.000000000 2
768 884 3 8192 2.000000000 2
768 936 3 8192 2.000000000 2
768 1240 3 8192 2.000000000 2
780 68 3 8192 2.000000000 2
780 148 3 8192 2.000000000 2
780 432 3 8192 2.000000000 2
780 728 3 8192 2.000000000 2
780 836 3 8192 2.000000000 2
780 864 3 8192 2.000000000 2
780 1104 3 8192 2.000000000 2
780 1220 3 8192 2.000000000 2
780 1272 3 8192 2.000000000 2
784 76 3 8192 2.000000000 2
784 180 3 8192 2.000000000 2
784 292 3 8192 2.000000000 2
784 476 3 8192 2.000000000 2
784 480 3 8192 2.000000000 2
784 508 3 8192 2.000000000 2
784 516 3 8192 2.000000000 2
784 632 3 8192 2.000000000 2
784 744 3 8192 2.000000000 2
784 860 3 8192 2.000000000 2
784 876 3 8192 2.000000000 2
784 1036 3 8192 2.000000000 2
792 104 3 8192 2.000000000 2
792 184 3 8192 2.000000000 2
792 204 3 8192 2.000000000 2
792 384 3 8192 2.000000000 2
796 76 3 8192 2.000000000 2
796 124 3 8192 2.000000000 2
796 360 3 8192 2.000000000 2
796 476 3 8192 2.000000000 2
796 660 3 8192 2.000000000 2
796 664 3 8192 2.000000000 2
796 852 3 8192 2.000000000 2
796 892 3 8192 2.000000000 2
796 920 3 8192 2.000000000 2
796 944 3 8192 2.000000000 2
796 1148 3 8192 2.000000000 2
796 1272 3 8192 2.000000000 2
800 208 3 8192 2.000000000 2
800 412 3 8192 2.000000000 2
800 468 3 8192 2.000000000 2
800 532 3 8192 2.000000000 2
800 1276 3 8192 2.000000000 2
804 60 3 8192 2.000000000 2
804 240 3 8192 2.000000000 2
804 328 3 8192 2.000000000 2
804 408 3 8192 2.000000000 2
804 644 3 8192 2.000000000 2
804 652 3 8192 2.000000000 2
804 660 3 8192 2.000000000 2
804 676 3 8192 2.000000000 2
804 848 3 8192 2.000000000 2
804 920 3 8192 2.000000000 2
804 972 3 8192 2.000000000 2
804 1116 3 8192 2.000000000 2
804 1220 3 8192 2.000000000 2
808 116 3 8192 2.000000000 2
808 484 3 8192 2.000000000 2
808 504 3 8192 2.000000000 2
808 632 3 8192 2.000000000 2
808 904 3 8192 2.000000000 2
808 920 3 8192 2.000000000 2
808 944 3 8192 2.000000000 2
808 948 3 8192 2.000000000 2
812 136 3 8192 2.000000000 2
812 220 3 8192 2.000000000 2
812 236 3 8192 2.000000000 2
812 624 3 8192 2.000000000 2
812 632 3 8192 2.000000000 2
812 700 3 8192 2.000000000 2
812 876 3 8192 2.000000000 2
812 980 3 8192 2.000000000 2
812 1048 3 8192 2.000000000 2
816 52 3 8192 2.000000000 2
816 80 3 8192 2.000000000 2
816 92 3 8192 2.000000000 2
816 172 3 8192 2.000000000 2
816 448 3 8192 2.000000000 2
816 744 3 8192 2.000000000 2
816 796 3 8192 2.000000000 2
816 1080 3 8192 2.000000000 2
816 1224 3 8192 2.000000000 2
816 1236 3 8192 2.000000000 2
820 116 3 8192 2.000000000 2
820 216 3 8192 2.000000000 2
820 256 3 8192 2.000000000 2
820 312 3 8192 2.000000000 2
820 580 3 8192 2.000000000 2
820 616 3 8192 2.000000000 2
820 860 3 8192 2.000000000 2
820 920 3 8192 2.000000000 2
820 940 3 8192 2.000000000 2
824 164 3 8192 2.000000000 2
824 428 3 8192 2.000000000 2
824 644 3 8192 2.000000000 2
824 784 3 8192 2.000000000 2
824 852 3 8192 2.000000000 2
824 988 3 8192 2.000000000 2
824 1164 3 8192 2.000000000 2
832 20 3 8192 2.000000000 2
832 304 3 8192 2.000000000 2
832 348 3 8192 2.000000000 2
832 456 3 8192 2.000000000 2
832 488 3 8192 2.000000000 2
832 508 3 8192 2.000000000 2
832 516 3 8192 2.000000000 2
832 660 3 8192 2.000000000 2
832 860 3 8192 2.000000000 2
836 44 3 8192 2.000000000 2
836 124 3 8192 2.000000000 2
836 252 3 8192 2.000000000 2
836 392 3 8192 2.000000000 2
836 448 3 8192 2.000000000 2
836 468 3 8192 2.000000000 2
836 608 3 8192 2.000000000 2
836 624 3 8192 2.000000000 2
836 728 3 8192 2.000000000 2
836 1008 3 8192 2.000000000 2
836 1060 3 8192 2.000000000 2
836 1080 3 8192 2.000000000 2
836 1220 3 8192 2.000000000 2
840 48 3 8192 2.000000000 2
840 68 3 8192 2.000000000 2
840 132 3 8192 2.000000000 2
840 204 3 8192 2.000000000 2
840 232 3 8192 2.000000000 2
840 280 3 8192 2.000000000 2
840 312 3 8192 2.000000000 2
840 376 3 8192 2.000000000 2
840 632 3 8192 2.000000000 2
840 792 3 8192 2.000000000 2
840 836 3 8192 2.000000000 2
840 916 3 8192 2.000000000 2
840 928 3 8192 2.000000000 2
840 964 3 8192 2.000000000 2
848 252 3 8192 2.000000000 2
848 428 3 8192 2.000000000 2
848 604 3 8192 2.000000000 2
848 708 3 8192 2.000000000 2
848 1060 3 8192 2.000000000 2
852 40 3 8192 2.000000000 2
852 272 3 8192 2.000000000 2
852 328 3 8192 2.000000000 2
852 508 3 8192 2.000000000 2
852 520 3 8192 2.000000000 2
852 548 3 8192 2.000000000 2
852 796 3 8192 2.000000000 2
852 1012 3 8192 2.000000000 2
860 68 3 8192 2.000000000 2
860 172 3 8192 2.000000000 2
860 252 3 8192 2.000000000 2
860 384 3 8192 2.000000000 2
860 468 3 8192 2.000000000 2
860 512 3 8192 2.000000000 2
860 516 3 8192 2.000000000 2
860 528 3 8192 2.000000000 2
860 596 3 8192 2.000000000 2
860 1140 3 8192 2.000000000 2
860 1264 3 8192 2.000000000 2
864 64 3 8192 2.000000000 2
864 104 3 8192 2.000000000 2
864 220 3 8192 2.000000000 2
864 232 3 8192 2.000000000 2
864 472 3 8192 2.000000000 2
864 660 3 8192 2.000000000 2
864 800 3 8192 2.000000000 2
864 1020 3 8192 2.000000000 2
868 48 3 8192 2.000000000 2
868 52 3 8192 2.000000000 2
868 224 3 8192 2.000000000 2
868 520 3 8192 2.000000000 2
868 608 3 8192 2.000000000 2
868 944 3 8192 2.000000000 2
868 1092 3 8192 2.000000000 2
868 1204 3 8192 2.000000000 2
872 84 3 8192 2.000000000 2
872 252 3 8192 2.000000000 2
872 304 3 8192 2.000000000 2
872 568 3 8192 2.000000000 2
872 724 3 8192 2.000000000 2
872 832 3 8192 2.000000000 2
872 996 3 8192 2.000000000 2
872 1028 3 8192 2.000000000 2
872 1096 3 8192 2.000000000 2
876 88 3 8192 2.000000000 2
876 136 3 8192 2.000000000 2
876 240 3 8192 2.000000000 2
876 292 3 8192 2.000000000 2
876 804 3 8192 2.000000000 2
876 1032 3 8192 2.000000000 2
880 268 3 8192 2.000000000 2
880 288 3 8192 2.000000000 2
880 352 3 8192 2.000000000 2
880 444 3 8192 2.000000000 2
880 556 3 8192 2.000000000 2
880 572 3 8192 2.000000000 2
880 824 3 8192 2.000000000 2
880 1244 3 8192 2.000000000 2
884 312 3 8192 2.000000000 2
884 348 3 8192 2.000000000 2
884 464 3 8192 2.000000000 2
884 508 3 8192 2.000000000 2
884 608 3 8192 2.000000000 2
884 760 3 8192 2.000000000 2
884 800 3 8192 2.000000000 2
884 852 3 8192 2.000000000 2
884 1160 3 8192 2.000000000 2
884 1164 3 8192 2.000000000 2
884 1176 3 8192 2.000000000 2
888 236 3 8192 2.000000000 2
888 412 3 8192 2.000000000 2
888 588 3 8192 2.000000000 2
888 848 3 8192 2.000000000 2
888 884 3 8192 2.000000000 2
888 1004 3 8192 2.000000000 2
888 1148 3 8192 2.000000000 2
892 172 3 8192 2.000000000 2
892 212 3 8192 2.000000000 2
892 224 3 8192 2.000000000 2
892 444 3 8192 2.000000000 2
892 640 3 8192 2.000000000 2
892 804 3 8192 2.000000000 2
892 868 3 8192 2.000000000 2
892 904 3 8192 2.000000000 2
892 1032 3 8192 2.000000000 2
892 1224 3 8192 2.000000000 2
896 60 3 8192 2.000000000 2
896 220 3 8192 2.000000000 2
896 556 3 8192 2.000000000 2
896 588 3 8192 2.000000000 2
896 808 3 8192 2.000000000 2
896 1060 3 8192 2.000000000 2
900 52 3 8192 2.000000000 2
900 328 3 8192 2.000000000 2
900 548 3 8192 2.000000000 2
900 560 3 8192 2.000000000 2
900 1048 3 8192 2.000000000 2
900 1148 3 8192 2.000000000 2
900 1152 3 8192 2.000000000 2
900 1168 3 8192 2.000000000 2
904 72 3 8192 2.000000000 2
904 104 3 8192 2.000000000 2
904 120 3 8192 2.000000000 2
904 228 3 8192 2.000000000 2
904 272 3 8192 2.000000000 2
904 496 3 8192 2.000000000 2
904 568 3 8192 2.000000000 2
904 812 3 8192 2.000000000 2
904 836 3 8192 2.000000000 2
904 884 3 8192 2.000000000 2
904 1192 3 8192 2.000000000 2
912 136 3 8192 2.000000000 2
912 376 3 8192 2.000000000 2
912 580 3 8192 2.000000000 2
912 588 3 8192 2.000000000 2
912 644 3 8192 2.000000000 2
912 780 3 8192 2.000000000 2
912 824 3 8192 2.000000000 2
912 1072 3 8192 2.000000000 2
916 200 3 8192 2.000000000 2
916 256 3 8192 2.000000000 2
916 556 3 8192 2.000000000 2
916 768 3 8192 2.000000000 2
916 1004 3 8192 2.000000000 2
916 1032 3 8192 2.000000000 2
916 1064 3 8192 2.000000000 2
916 1172 3 8192 2.000000000 2
920 44 3 8192 2.000000000 2
920 68 3 8192 2.000000000 2
920 164 3 8192 2.000000000 2
920 220 3 8192 2.000000000 2
920 276 3 8192 2.000000000 2
920 428 3 8192 2.000000000 2
920 780 3 8192 2.000000000 2
920 868 3 8192 2.000000000 2
920 1020 3 8192 2.000000000 2
920 1260 3 8192 2.000000000 2
928 12 3 8192 2.000000000 2
928 236 3 8192 2.000000000 2
928 528 3 8192 2.000000000 2
928 700 3 8192 2.000000000 2
928 836 3 8192 2.000000000 2
928 880 3 8192 2.000000000 2
928 1136 3 8192 2.000000000 2
928 1164 3 8192 2.000000000 2
928 1212 3 8192 2.000000000 2
936 184 3 8192 2.000000000 2
936 200 3 8192 2.000000000 2
936 472 3 8192 2.000000000 2
936 480 3 8192 2.000000000 2
936 752 3 8192 2.000000000 2
936 896 3 8192 2.000000000 2
936 1056 3 8192 2.000000000 2
936 1224 3 8192 2.000000000 2
940 144 3 8192 2.000000000 2
940 312 3 8192 2.000000000 2
940 364 3 8192 2.000000000 2
940 448 3 8192 2.000000000 2
940 624 3 8192 2.000000000 2
940 688 3 8192 2.000000000 2
940 1084 3 8192 2.000000000 2
940 1216 3 8192 2.000000000 2
944 80 3 8192 2.000000000 2
944 580 3 8192 2.000000000 2
944 832 3 8192 2.000000000 2
944 900 3 8192 2.000000000 2
944 1032 3 8192 2.000000000 2
944 1160 3 8192 2.000000000 2
944 1220 3 8192 2.000000000 2
948 40 3 8192 2.000000000 2
948 132 3 8192 2.000000000 2
948 212 3 8192 2.000000000 2
948 580 3 8192 2.000000000 2
948 588 3 8192 2.000000000 2
948 676 3 8192 2.000000000 2
948 688 3 8192 2.000000000 2
948 768 3 8192 2.000000000 2
948 988 3 8192 2.000000000 2
948 1004 3 8192 2.000000000 2
948 1080 3 8192 2.000000000 2
948 1156 3 8192 2.000000000 2
948 1204 3 8192 2.000000000 2
948 1236 3 8192 2.000000000 2
948 1240 3 8192 2.000000000 2
960 24 3 8192 2.000000000 2
960 44 3 8192 2.000000000 2
960 384 3 8192 2.000000000 2
960 460 3 8192 2.000000000 2
960 532 3 8192 2.000000000 2
960 1184 3 8192 2.000000000 2
960 1256 3 8192 2.000000000 2
964 16 3 8192 2.000000000 2
964 104 3 8192 2.000000000 2
964 596 3 8192 2.000000000 2
964 632 3 8192 2.000000000 2
964 704 3 8192 2.000000000 2
964 708 3 8192 2.000000000 2
964 796 3 8192 2.000000000 2
964 920 3 8192 2.000000000 2
964 1068 3 8192 2.000000000 2
968 60 3 8192 2.000000000 2
968 80 3 8192 2.000000000 2
968 84 3 8192 2.000000000 2
968 152 3 8192 2.000000000 2
968 200 3 8192 2.000000000 2
968 384 3 8192 2.000000000 2
968 588 3 8192 2.000000000 2
968 692 3 8192 2.000000000 2
968 728 3 8192 2.000000000 2
968 780 3 8192 2.000000000 2
968 904 3 8192 2.000000000 2
968 1032 3 8192 2.000000000 2
968 1160 3 8192 2.000000000 2
968 1164 3 8192 2.000000000 2
972 60 3 8192 2.000000000 2
972 196 3 8192 2.000000000 2
972 208 3 8192 2.000000000 2
972 236 3 8192 2.000000000 2
972 316 3 8192 2.000000000 2
972 348 3 8192 2.000000000 2
972 604 3 8192 2.000000000 2
972 780 3 8192 2.000000000 2
972 900 3 8192 2.000000000 2
972 920 3 8192 2.000000000 2
972 1132 3 8192 2.000000000 2
972 1184 3 8192 2.000000000 2
980 312 3 8192 2.000000000 2
980 376 3 8192 2.000000000 2
980 872 3 8192 2.000000000 2
980 904 3 8192 2.000000000 2
980 936 3 8192 2.000000000 2
980 944 3 8192 2.000000000 2
984 304 3 8192 2.000000000 2
984 348 3 8192 2.000000000 2
984 520 3 8192 2.000000000 2
984 660 3 8192 2.000000000 2
984 716 3 8192 2.000000000 2
984 792 3 8192 2.000000000 2
984 800 3 8192 2.000000000 2
984 972 3 8192 2.000000000 2
984 1048 3 8192 2.000000000 2
984 1136 3 8192 2.000000000 2
988 100 3 8192 2.000000000 2
988 116 3 8192 2.000000000 2
988 136 3 8192 2.000000000 2
988 316 3 8192 2.000000000 2
988 364 3 8192 2.000000000 2
988 644 3 8192 2.000000000 2
988 768 3 8192 2.000000000 2
988 792 3 8192 2.000000000 2
988 812 3 8192 2.000000000 2
988 1084 3 8192 2.000000000 2
988 1264 3 8192 2.000000000 2
996 160 3 8192 2.000000000 2
996 240 3 8192 2.000000000 2
996 408 3 8192 2.000000000 2
996 520 3 8192 2.000000000 2
996 568 3 8192 2.000000000 2
996 640 3 8192 2.000000000 2
996 684 3 8192 2.000000000 2
996 708 3 8192 2.000000000 2
996 768 3 8192 2.000000000 2
996 832 3 8192 2.000000000 2
996 980 3 8192 2.000000000 2
1004 144 3 8192 2.000000000 2
1004 236 3 8192 2.000000000 2
1004 280 3 8192 2.000000000 2
1004 1024 3 8192 2.000000000 2
1004 1116 3 8192 2.000000000 2
1008 132 3 8192 2.000000000 2
1008 216 3 8192 2.000000000 2
1008 224 3 8192 2.000000000 2
1008 236 3 8192 2.000000000 2
1008 268 3 8192 2.000000000 2
1008 364 3 8192 2.000000000 2
1008 408 3 8192 2.000000000 2
1008 448 3 8192 2.000000000 2
1008 580 3 8192 2.000000000 2
1008 1052 3 8192 2.000000000 2
1008 1156 3 8192 2.000000000 2
1008 1200 3 8192 2.000000000 2
1012 88 3 8192 2.000000000 2
1012 184 3 8192 2.000000000 2
1012 200 3 8192 2.000000000 2
1012 212 3 8192 2.000000000 2
1012 224 3 8192 2.000000000 2
1012 244 3 8192 2.000000000 2
1012 604 3 8192 2.000000000 2
1012 716 3 8192 2.000000000 2
1012 820 3 8192 2.000000000 2
1012 884 3 8192 2.000000000 2
1012 980 3 8192 2.000000000 2
1012 1168 3 8192 2.000000000 2
1020 60 3 8192 2.000000000 2
1020 244 3 8192 2.000000000 2
1020 512 3 8192 2.000000000 2
1020 548 3 8192 2.000000000 2
1020 728 3 8192 2.000000000 2
1020 756 3 8192 2.000000000 2
1020 840 3 8192 2.000000000 2
1020 864 3 8192 2.000000000 2
1020 1056 3 8192 2.000000000 2
1024 916 3 8192 2.000000000 2
1024 948 3 8192 2.000000000 2
1024 1004 3 8192 2.000000000 2
1024 1104 3 8192 2.000000000 2
1024 1132 3 8192 2.000000000 2
1028 16 3 8192 2.000000000 2
1028 124 3 8192 2.000000000 2
1028 184 3 8192 2.000000000 2
1028 204 3 8192 2.000000000 2
1028 448 3 8192 2.000000000 2
1028 476 3 8192 2.000000000 2
1028 484 3 8192 2.000000000 2
1028 616 3 8192 2.000000000 2
1028 940 3 8192 2.000000000 2
1028 972 3 8192 2.000000000 2
1028 1096 3 8192 2.000000000 2
1028 1176 3 8192 2.000000000 2
1032 132 3 8192 2.000000000 2
1032 328 3 8192 2.000000000 2
1032 836 3 8192 2.000000000 2
1032 948 3 8192 2.000000000 2
1032 1060 3 8192 2.000000000 2
1032 1184 3 8192 2.000000000 2
1032 1272 3 8192 2.000000000 2
1036 8 3 8192 2.000000000 2
1036 260 3 8192 2.000000000 2
1036 272 3 8192 2.000000000 2
1036 296 3 8192 2.000000000 2
1036 352 3 8192 2.000000000 2
1036 848 3 8192 2.000000000 2
1036 880 3 8192 2.000000000 2
1036 896 3 8192 2.000000000 2
1048 196 3 8192 2.000000000 2
1048 204 3 8192 2.000000000 2
1048 544 3 8192 2.000000000 2
1048 604 3 8192 2.000000000 2
1048 712 3 8192 2.000000000 2
1048 756 3 8192 2.000000000 2
1048 960 3 8192 2.000000000 2
1048 1140 3 8192 2.000000000 2
1048 1152 3 8192 2.000000000 2
1048 1212 3 8192 2.000000000 2
1052 144 3 8192 2.000000000 2
1052 488 3 8192 2.000000000 2
1052 512 3 8192 2.000000000 2
1052 568 3 8192 2.000000000 2
1052 580 3 8192 2.000000000 2
1052 708 3 8192 2.000000000 2
1052 804 3 8192 2.000000000 2
1052 1156 3 8192 2.000000000 2
1052 1192 3 8192 2.000000000 2
1052 1276 3 8192 2.000000000 2
1056 536 3 8192 2.000000000 2
1056 728 3 8192 2.000000000 2
1056 888 3 8192 2.000000000 2
1060 124 3 8192 2.000000000 2
1060 328 3 8192 2.000000000 2
1060 396 3 8192 2.000000000 2
1060 560 3 8192 2.000000000 2
1060 684 3 8192 2.000000000 2
1060 692 3 8192 2.000000000 2
1060 1028 3 8192 2.000000000 2
1060 1092 3 8192 2.000000000 2
1064 180 3 8192 2.000000000 2
1064 292 3 8192 2.000000000 2
1064 444 3 8192 2.000000000 2
1064 524 3 8192 2.000000000 2
1064 668 3 8192 2.000000000 2
1064 900 3 8192 2.000000000 2
1064 988 3 8192 2.000000000 2
1064 1176 3 8192 2.000000000 2
1064 1184 3 8192 2.000000000 2
1068 344 3 8192 2.000000000 2
1068 348 3 8192 2.000000000 2
1068 664 3 8192 2.000000000 2
1068 676 3 8192 2.000000000 2
1068 728 3 8192 2.000000000 2
1068 752 3 8192 2.000000000 2
1068 780 3 8192 2.000000000 2
1068 900 3 8192 2.000000000 2
1068 912 3 8192 2.000000000 2
1068 1020 3 8192 2.000000000 2
1068 1100 3 8192 2.000000000 2
1072 84 3 8192 2.000000000 2
1072 456 3 8192 2.000000000 2
1072 592 3 8192 2.000000000 2
1072 676 3 8192 2.000000000 2
1072 708 3 8192 2.000000000 2
1072 716 3 8192 2.000000000 2
1072 960 3 8192 2.000000000 2
1072 1052 3 8192 2.000000000 2
1072 1096 3 8192 2.000000000 2
1072 1164 3 8192 2.000000000 2
1076 196 3 8192 2.000000000 2
1076 240 3 8192 2.000000000 2
1076 580 3 8192 2.000000000 2
1076 604 3 8192 2.000000000 2
1076 700 3 8192 2.000000000 2
1076 1012 3 8192 2.000000000 2
1076 1132 3 8192 2.000000000 2
1076 1228 3 8192 2.000000000 2
1080 32 3 8192 2.000000000 2
1080 60 3 8192 2.000000000 2
1080 64 3 8192 2.000000000 2
1080 428 3 8192 2.000000000 2
1080 644 3 8192 2.000000000 2
1080 664 3 8192 2.000000000 2
1080 1192 3 8192 2.000000000 2
1080 1228 3 8192 2.000000000 2
1080 1240 3 8192 2.000000000 2
1084 16 3 8192 2.000000000 2
1084 92 3 8192 2.000000000 2
1084 144 3 8192 2.000000000 2
1084 216 3 8192 2.000000000 2
1084 348 3 8192 2.000000000 2
1084 364 3 8192 2.000000000 2
1084 492 3 8192 2.000000000 2
1084 624 3 8192 2.000000000 2
1084 792 3 8192 2.000000000 2
1084 1004 3 8192 2.000000000 2
1084 1096 3 8192 2.000000000 2
1084 1112 3 8192 2.000000000 2
1084 1192 3 8192 2.000000000 2
1088 48 3 8192 2.000000000 2
1088 216 3 8192 2.000000000 2
1088 532 3 8192 2.000000000 2
1088 716 3 8192 2.000000000 2
1088 724 3 8192 2.000000000 2
1088 884 3 8192 2.000000000 2
1088 940 3 8192 2.000000000 2
1088 1148 3 8192 2.000000000 2
1092 268 3 8192 2.000000000 2
1092 328 3 8192 2.000000000 2
1092 488 3 8192 2.000000000 2
1092 644 3 8192 2.000000000 2
1092 708 3 8192 2.000000000 2
1092 804 3 8192 2.000000000 2
1092 820 3 8192 2.000000000 2
1092 1052 3 8192 2.000000000 2
1092 1184 3 8192 2.000000000 2
1096 72 3 8192 2.000000000 2
1096 132 3 8192 2.000000000 2
1096 272 3 8192 2.000000000 2
1096 320 3 8192 2.000000000 2
1096 528 3 8192 2.000000000 2
1096 940 3 8192 2.000000000 2
1100 64 3 8192 2.000000000 2
1100 68 3 8192 2.000000000 2
1100 84 3 8192 2.000000000 2
1100 88 3 8192 2.000000000 2
1100 96 3 8192 2.000000000 2
1100 152 3 8192 2.000000000 2
1100 288 3 8192 2.000000000 2
1100 604 3 8192 2.000000000 2
1100 688 3 8192 2.000000000 2
1100 864 3 8192 2.000000000 2
1100 1116 3 8192 2.000000000 2
1100 1236 3 8192 2.000000000 2
1104 0 3 8192 2.000000000 2
1104 616 3 8192 2.000000000 2
1104 892 3 8192 2.000000000 2
1104 1012 3 8192 2.000000000 2
1104 1260 3 8192 2.000000000 2
1112 64 3 8192 2.000000000 2
1112 72 3 8192 2.000000000 2
1112 276 3 8192 2.000000000 2
1112 320 3 8192 2.000000000 2
1112 468 3 8192 2.000000000 2
1112 696 3 8192 2.000000000 2
1112 852 3 8192 2.000000000 2
1112 864 3 8192 2.000000000 2
1112 988 3 8192 2.000000000 2
1112 1056 3 8192 2.000000000 2
1112 1128 3 8192 2.000000000 2
1112 1176 3 8192 2.000000000 2
1112 1272 3 8192 2.000000000 2
1116 260 3 8192 2.000000000 2
1116 448 3 8192 2.000000000 2
1116 508 3 8192 2.000000000 2
1116 528 3 8192 2.000000000 2
1116 536 3 8192 2.000000000 2
1116 640 3 8192 2.000000000 2
1116 724 3 8192 2.000000000 2
1116 904 3 8192 2.000000000 2
1116 1132 3 8192 2.000000000 2
1116 1228 3 8192 2.000000000 2
1116 1236 3 8192 2.000000000 2
1116 1276 3 8192 2.000000000 2
1120 16 3 8192 2.000000000 2
1120 148 3 8192 2.000000000 2
1120 300 3 8192 2.000000000 2
1120 376 3 8192 2.000000000 2
1120 608 3 8192 2.000000000 2
1120 968 3 8192 2.000000000 2
1120 996 3 8192 2.000000000 2
1120 1260 3 8192 2.000000000 2
1128 120 3 8192 2.000000000 2
1128 588 3 8192 2.000000000 2
1128 768 3 8192 2.000000000 2
1128 1056 3 8192 2.000000000 2
1128 1060 3 8192 2.000000000 2
1128 1172 3 8192 2.000000000 2
1132 40 3 8192 2.000000000 2
1132 148 3 8192 2.000000000 2
1132 180 3 8192 2.000000000 2
1132 352 3 8192 2.000000000 2
1132 796 3 8192 2.000000000 2
1132 824 3 8192 2.000000000 2
1132 840 3 8192 2.000000000 2
1132 972 3 8192 2.000000000 2
1136 104 3 8192 2.000000000 2
1136 124 3 8192 2.000000000 2
1136 252 3 8192 2.000000000 2
1136 296 3 8192 2.000000000 2
1136 468 3 8192 2.000000000 2
1136 488 3 8192 2.000000000 2
1136 716 3 8192 2.000000000 2
1136 768 3 8192 2.000000000 2
1136 936 3 8192 2.000000000 2
1136 1084 3 8192 2.000000000 2
1136 1148 3 8192 2.000000000 2
1136 1168 3 8192 2.000000000 2
1140 652 3 8192 2.000000000 2
1140 820 3 8192 2.000000000 2
1140 840 3 8192 2.000000000 2
1140 940 3 8192 2.000000000 2
1140 1092 3 8192 2.000000000 2
1140 1184 3 8192 2.000000000 2
1140 1228 3 8192 2.000000000 2
1140 1236 3 8192 2.000000000 2
1148 12 3 8192 2.000000000 2
1148 48 3 8192 2.000000000 2
1148 100 3 8192 2.000000000 2
1148 236 3 8192 2.000000000 2
1148 320 3 8192 2.000000000 2
1148 708 3 8192 2.000000000 2
1148 808 3 8192 2.000000000 2
1148 964 3 8192 2.000000000 2
1148 1120 3 8192 2.000000000 2
1148 1184 3 8192 2.000000000 2
1152 184 3 8192 2.000000000 2
1152 244 3 8192 2.000000000 2
1152 296 3 8192 2.000000000 2
1152 408 3 8192 2.000000000 2
1152 464 3 8192 2.000000000 2
1152 644 3 8192 2.000000000 2
1152 768 3 8192 2.000000000 2
1152 780 3 8192 2.000000000 2
1152 812 3 8192 2.000000000 2
1152 820 3 8192 2.000000000 2
1152 928 3 8192 2.000000000 2
1152 1008 3 8192 2.000000000 2
1152 1060 3 8192 2.000000000 2
1152 1112 3 8192 2.000000000 2
1152 1164 3 8192 2.000000000 2
1156 224 3 8192 2.000000000 2
1156 480 3 8192 2.000000000 2
1156 500 3 8192 2.000000000 2
1156 532 3 8192 2.000000000 2
1156 560 3 8192 2.000000000 2
1156 604 3 8192 2.000000000 2
1156 692 3 8192 2.000000000 2
1156 796 3 8192 2.000000000 2
1156 816 3 8192 2.000000000 2
1156 968 3 8192 2.000000000 2
1156 1004 3 8192 2.000000000 2
1156 1012 3 8192 2.000000000 2
1156 1052 3 8192 2.000000000 2
1156 1092 3 8192 2.000000000 2
1156 1232 3 8192 2.000000000 2
1160 300 3 8192 2.000000000 2
1160 652 3 8192 2.000000000 2
1160 888 3 8192 2.000000000 2
1160 1076 3 8192 2.000000000 2
1160 1216 3 8192 2.000000000 2
1164 236 3 8192 2.000000000 2
1164 444 3 8192 2.000000000 2
1164 480 3 8192 2.000000000 2
1164 572 3 8192 2.000000000 2
1164 964 3 8192 2.000000000 2
1164 988 3 8192 2.000000000 2
1164 1140 3 8192 2.000000000 2
1164 1160 3 8192 2.000000000 2
1168 164 3 8192 2.000000000 2
1168 224 3 8192 2.000000000 2
1168 236 3 8192 2.000000000 2
1168 328 3 8192 2.000000000 2
1168 652 3 8192 2.000000000 2
1168 712 3 8192 2.000000000 2
1168 848 3 8192 2.000000000 2
1168 912 3 8192 2.000000000 2
1168 972 3 8192 2.000000000 2
1168 1192 3 8192 2.000000000 2
1168 1216 3 8192 2.000000000 2
1172 224 3 8192 2.000000000 2
1172 472 3 8192 2.000000000 2
1172 728 3 8192 2.000000000 2
1172 756 3 8192 2.000000000 2
1172 816 3 8192 2.000000000 2
1172 896 3 8192 2.000000000 2
1172 1004 3 8192 2.000000000 2
1172 1008 3 8192 2.000000000 2
1176 40 3 8192 2.000000000 2
1176 120 3 8192 2.000000000 2
1176 228 3 8192 2.000000000 2
1176 348 3 8192 2.000000000 2
1176 556 3 8192 2.000000000 2
1176 640 3 8192 2.000000000 2
1176 704 3 8192 2.000000000 2
1176 984 3 8192 2.000000000 2
1176 1232 3 8192 2.000000000 2
1176 1260 3 8192 2.000000000 2
1184 96 3 8192 2.000000000 2
1184 536 3 8192 2.000000000 2
1184 580 3 8192 2.000000000 2
1184 728 3 8192 2.000000000 2
1184 1020 3 8192 2.000000000 2
1184 1036 3 8192 2.000000000 2
1184 1052 3 8192 2.000000000 2
1184 1148 3 8192 2.000000000 2
1184 1240 3 8192 2.000000000 2
1188 24 3 8192 2.000000000 2
1188 92 3 8192 2.000000000 2
1188 180 3 8192 2.000000000 2
1188 548 3 8192 2.000000000 2
1188 560 3 8192 2.000000000 2
1188 588 3 8192 2.000000000 2
1188 780 3 8192 2.000000000 2
1188 852 3 8192 2.000000000 2
1188 1024 3 8192 2.000000000 2
1188 1120 3 8192 2.000000000 2
1192 4 3 8192 2.000000000 2
1192 244 3 8192 2.000000000 2
1192 304 3 8192 2.000000000 2
1192 448 3 8192 2.000000000 2
1192 528 3 8192 2.000000000 2
1192 964 3 8192 2.000000000 2
1192 996 3 8192 2.000000000 2
1192 1060 3 8192 2.000000000 2
1192 1224 3 8192 2.000000000 2
1192 1236 3 8192 2.000000000 2
1196 152 3 8192 2.000000000 2
1196 160 3 8192 2.000000000 2
1196 252 3 8192 2.000000000 2
1196 396 3 8192 2.000000000 2
1196 768 3 8192 2.000000000 2
1196 868 3 8192 2.000000000 2
1196 896 3 8192 2.000000000 2
1196 1064 3 8192 2.000000000 2
1196 1096 3 8192 2.000000000 2
1200 16 3 8192 2.000000000 2
1200 148 3 8192 2.000000000 2
1200 164 3 8192 2.000000000 2
1200 328 3 8192 2.000000000 2
1200 472 3 8192 2.000000000 2
1200 712 3 8192 2.000000000 2
1200 968 3 8192 2.000000000 2
1200 1020 3 8192 2.000000000 2
1200 1064 3 8192 2.000000000 2
1200 1128 3 8192 2.000000000 2
1200 1224 3 8192 2.000000000 2
1200 1236 3 8192 2.000000000 2
1204 72 3 8192 2.000000000 2
1204 468 3 8192 2.000000000 2
1204 652 3 8192 2.000000000 2
1204 692 3 8192 2.000000000 2
1204 724 3 8192 2.000000000 2
1204 1020 3 8192 2.000000000 2
1212 180 3 8192 2.000000000 2
1212 328 3 8192 2.000000000 2
1212 368 3 8192 2.000000000 2
1212 604 3 8192 2.000000000 2
1212 848 3 8192 2.000000000 2
1212 988 3 8192 2.000000000 2
1212 1032 3 8192 2.000000000 2
1212 1104 3 8192 2.000000000 2
1212 1172 3 8192 2.000000000 2
1216 92 3 8192 2.000000000 2
1216 240 3 8192 2.000000000 2
1216 324 3 8192 2.000000000 2
1216 376 3 8192 2.000000000 2
1216 464 3 8192 2.000000000 2
1216 760 3 8192 2.000000000 2
1216 996 3 8192 2.000000000 2
1216 1100 3 8192 2.000000000 2
1216 1104 3 8192 2.000000000 2
1220 76 3 8192 2.000000000 2
1220 220 3 8192 2.000000000 2
1220 472 3 8192 2.000000000 2
1220 632 3 8192 2.000000000 2
1220 960 3 8192 2.000000000 2
1224 92 3 8192 2.000000000 2
1224 148 3 8192 2.000000000 2
1224 180 3 8192 2.000000000 2
1224 236 3 8192 2.000000000 2
1224 252 3 8192 2.000000000 2
1224 300 3 8192 2.000000000 2
1224 724 3 8192 2.000000000 2
1224 780 3 8192 2.000000000 2
1224 876 3 8192 2.000000000 2
1228 172 3 8192 2.000000000 2
1228 708 3 8192 2.000000000 2
1228 812 3 8192 2.000000000 2
1228 832 3 8192 2.000000000 2
1228 1068 3 8192 2.000000000 2
1228 1168 3 8192 2.000000000 2
1232 100 3 8192 2.000000000 2
1232 144 3 8192 2.000000000 2
1232 148 3 8192 2.000000000 2
1232 224 3 8192 2.000000000 2
1232 732 3 8192 2.000000000 2
1232 812 3 8192 2.000000000 2
1232 1136 3 8192 2.000000000 2
1232 1200 3 8192 2.000000000 2
1232 1236 3 8192 2.000000000 2
1236 216 3 8192 2.000000000 2
1236 440 3 8192 2.000000000 2
1236 476 3 8192 2.000000000 2
1236 544 3 8192 2.000000000 2
1236 868 3 8192 2.000000000 2
1236 876 3 8192 2.000000000 2
1236 1028 3 8192 2.000000000 2
1240 204 3 8192 2.000000000 2
1240 212 3 8192 2.000000000 2
1240 472 3 8192 2.000000000 2
1240 484 3 8192 2.000000000 2
1240 528 3 8192 2.000000000 2
1240 544 3 8192 2.000000000 2
1240 644 3 8192 2.000000000 2
1240 852 3 8192 2.000000000 2
1240 892 3 8192 2.000000000 2
1240 964 3 8192 2.000000000 2
1240 1092 3 8192 2.000000000 2
1240 1120 3 8192 2.000000000 2
1240 1172 3 8192 2.000000000 2
1244 64 3 8192 2.000000000 2
1244 88 3 8192 2.000000000 2
1244 120 3 8192 2.000000000 2
1244 132 3 8192 2.000000000 2
1244 368 3 8192 2.000000000 2
1244 644 3 8192 2.000000000 2
1244 916 3 8192 2.000000000 2
1244 1052 3 8192 2.000000000 2
1244 1204 3 8192 2.000000000 2
1252 184 3 8192 2.000000000 2
1252 392 3 8192 2.000000000 2
1252 428 3 8192 2.000000000 2
1252 804 3 8192 2.000000000 2
1252 1192 3 8192 2.000000000 2
1256 456 3 8192 2.000000000 2
1256 488 3 8192 2.000000000 2
1256 640 3 8192 2.000000000 2
1256 840 3 8192 2.000000000 2
1256 968 3 8192 2.000000000 2
1256 1204 3 8192 2.000000000 2
1256 1240 3 8192 2.000000000 2
1260 0 3 8192 2.000000000 2
1260 72 3 8192 2.000000000 2
1260 464 3 8192 2.000000000 2
1260 520 3 8192 2.000000000 2
1260 552 3 8192 2.000000000 2
1260 668 3 8192 2.000000000 2
1260 752 3 8192 2.000000000 2
1260 784 3 8192 2.000000000 2
1260 812 3 8192 2.000000000 2
1260 996 3 8192 2.000000000 2
1260 1172 3 8192 2.000000000 2
1260 1212 3 8192 2.000000000 2
1264 172 3 8192 2.000000000 2
1264 320 3 8192 2.000000000 2
1264 420 3 8192 2.000000000 2
1264 440 3 8192 2.000000000 2
1264 520 3 8192 2.000000000 2
1264 524 3 8192 2.000000000 2
1264 888 3 8192 2.000000000 2
1264 896 3 8192 2.000000000 2
1264 928 3 8192 2.000000000 2
1264 1216 3 8192 2.000000000 2
1272 0 3 8192 2.000000000 2
1272 100 3 8192 2.000000000 2
1272 144 3 8192 2.000000000 2
1272 312 3 8192 2.000000000 2
1272 664 3 8192 2.000000000 2
1272 692 3 8192 2.000000000 2
1272 780 3 8192 2.000000000 2
1272 1100 3 8192 2.000000000 2
1272 1128 3 8192 2.000000000 2
1276 240 3 8192 2.000000000 2
1276 552 3 8192 2.000000000 2
1276 608 3 8192 2.000000000 2
1276 672 3 8192 2.000000000 2
1276 800 3 8192 2.000000000 2
1276 988 3 8192 2.000000000 2
1276 1128 3 8192 2.000000000 2
1276 1232 3 8192 2.000000000 2
1276 1236 3 8192 2.000000000 2
