260
336 680 3 8388608 2.000000000 1
336 400 3 8388608 2.000000000 1
416 128 3 8388608 2.000000000 1
1208 1000 3 8388608 2.000000000 1
0 428 3 8192 2.000000000 2
8 108 3 8192 2.000000000 2
8 1160 3 8192 2.000000000 2
12 604 3 8192 2.000000000 2
16 92 3 8192 2.000000000 2
20 12 3 8192 2.000000000 2
32 136 3 8192 2.000000000 2
40 708 3 8192 2.000000000 2
44 684 3 8192 2.000000000 2
44 808 3 8192 2.000000000 2
52 1276 3 8192 2.000000000 2
64 124 3 8192 2.000000000 2
64 364 3 8192 2.000000000 2
68 1192 3 8192 2.000000000 2
72 812 3 8192 2.000000000 2
72 1240 3 8192 2.000000000 2
76 252 3 8192 2.000000000 2
88 352 3 8192 2.000000000 2
88 676 3 8192 2.000000000 2
92 0 3 8192 2.000000000 2
96 52 3 8192 2.000000000 2
96 224 3 8192 2.000000000 2
96 256 3 8192 2.000000000 2
104 1256 3 8192 2.000000000 2
120 500 3 8192 2.000000000 2
132 8 3 8192 2.000000000 2
132 272 3 8192 2.000000000 2
132 412 3 8192 2.000000000 2
136 224 3 8192 2.000000000 2
136 732 3 8192 2.000000000 2
152 936 3 8192 2.000000000 2
152 1120 3 8192 2.000000000 2
160 88 3 8192 2.000000000 2
160 664 3 8192 2.000000000 2
172 72 3 8192 2.000000000 2
172 288 3 8192 2.000000000 2
172 848 3 8192 2.000000000 2
180 688 3 8192 2.000000000 2
180 780 3 8192 2.000000000 2
184 216 3 8192 2.000000000 2
196 824 3 8192 2.000000000 2
212 208 3 8192 2.000000000 2
212 472 3 8192 2.000000000 2
216 1060 3 8192 2.000000000 2
228 316 3 8192 2.000000000 2
228 1236 3 8192 2.000000000 2
236 1252 3 8192 2.000000000 2
240 768 3 8192 2.000000000 2
256 224 3 8192 2.000000000 2
256 520 3 8192 2.000000000 2
260 1032 3 8192 2.000000000 2
264 600 3 8192 2.000000000 2
272 360 3 8192 2.000000000 2
276 108 3 8192 2.000000000 2
288 596 3 8192 2.000000000 2
292 368 3 8192 2.000000000 2
300 1260 3 8192 2.000000000 2
312 144 3 8192 2.000000000 2
316 24 3 8192 2.000000000 2
316 580 3 8192 2.000000000 2
316 940 3 8192 2.000000000 2
324 456 3 8192 2.000000000 2
324 484 3 8192 2.000000000 2
328 676 3 8192 2.000000000 2
328 888 3 8192 2.000000000 2
348 792 3 8192 2.000000000 2
360 252 3 8192 2.000000000 2
368 92 3 8192 2.000000000 2
368 900 3 8192 2.000000000 2
376 940 3 8192 2.000000000 2
396 1116 3 8192 2.000000000 2
412 4 3 8192 2.000000000 2
420 592 3 8192 2.000000000 2
420 608 3 8192 2.000000000 2
424 592 3 8192 2.000000000 2
424 652 3 8192 2.000000000 2
440 360 3 8192 2.000000000 2
440 624 3 8192 2.000000000 2
448 588 3 8192 2.000000000 2
448 1224 3 8192 2.000000000 2
456 236 3 8192 2.000000000 2
460 496 3 8192 2.000000000 2
472 712 3 8192 2.000000000 2
472 1048 3 8192 2.000000000 2
476 1060 3 8192 2.000000000 2
484 1156 3 8192 2.000000000 2
484 1168 3 8192 2.000000000 2
488 600 3 8192 2.000000000 2
492 144 3 8192 2.000000000 2
496 476 3 8192 2.000000000 2
496 944 3 8192 2.000000000 2
500 316 3 8192 2.000000000 2
500 668 3 8192 2.000000000 2
500 820 3 8192 2.000000000 2
504 508 3 8192 2.000000000 2
504 752 3 8192 2.000000000 2
508 1112 3 8192 2.000000000 2
512 1176 3 8192 2.000000000 2
512 1252 3 8192 2.000000000 2
516 280 3 8192 2.000000000 2
516 672 3 8192 2.000000000 2
516 1004 3 8192 2.000000000 2
516 1068 3 8192 2.000000000 2
516 1276 3 8192 2.000000000 2
520 156 3 8192 2.000000000 2
524 328 3 8192 2.000000000 2
532 676 3 8192 2.000000000 2
532 920 3 8192 2.000000000 2
536 80 3 8192 2.000000000 2
536 1056 3 8192 2.000000000 2
544 460 3 8192 2.000000000 2
552 264 3 8192 2.000000000 2
552 456 3 8192 2.000000000 2
560 704 3 8192 2.000000000 2
568 180 3 8192 2.000000000 2
572 392 3 8192 2.000000000 2
572 664 3 8192 2.000000000 2
580 1084 3 8192 2.000000000 2
592 796 3 8192 2.000000000 2
600 80 3 8192 2.000000000 2
600 368 3 8192 2.000000000 2
604 152 3 8192 2.000000000 2
608 868 3 8192 2.000000000 2
608 1028 3 8192 2.000000000 2
624 204 3 8192 2.000000000 2
624 984 3 8192 2.000000000 2
632 940 3 8192 2.000000000 2
640 552 3 8192 2.000000000 2
640 792 3 8192 2.000000000 2
644 836 3 8192 2.000000000 2
644 1080 3 8192 2.000000000 2
660 836 3 8192 2.000000000 2
664 156 3 8192 2.000000000 2
668 408 3 8192 2.000000000 2
684 1188 3 8192 2.000000000 2
692 916 3 8192 2.000000000 2
696 824 3 8192 2.000000000 2
696 1012 3 8192 2.000000000 2
708 296 3 8192 2.000000000 2
712 884 3 8192 2.000000000 2
716 256 3 8192 2.000000000 2
724 1068 3 8192 2.000000000 2
728 1160 3 8192 2.000000000 2
732 1120 3 8192 2.000000000 2
756 312 3 8192 2.000000000 2
760 832 3 8192 2.000000000 2
792 1072 3 8192 2.000000000 2
796 736 3 8192 2.000000000 2
800 560 3 8192 2.000000000 2
804 652 3 8192 2.000000000 2
808 24 3 8192 2.000000000 2
808 40 3 8192 2.000000000 2
808 716 3 8192 2.000000000 2
812 344 3 8192 2.000000000 2
820 472 3 8192 2.000000000 2
820 784 3 8192 2.000000000 2
820 1012 3 8192 2.000000000 2
824 708 3 8192 2.000000000 2
832 520 3 8192 2.000000000 2
832 1048 3 8192 2.000000000 2
840 796 3 8192 2.000000000 2
848 812 3 8192 2.000000000 2
852 768 3 8192 2.000000000 2
860 524 3 8192 2.000000000 2
860 808 3 8192 2.000000000 2
864 512 3 8192 2.000000000 2
872 1028 3 8192 2.000000000 2
876 484 3 8192 2.000000000 2
880 632 3 8192 2.000000000 2
884 812 3 8192 2.000000000 2
888 328 3 8192 2.000000000 2
896 156 3 8192 2.000000000 2
896 904 3 8192 2.000000000 2
896 1032 3 8192 2.000000000 2
900 304 3 8192 2.000000000 2
900 360 3 8192 2.000000000 2
912 712 3 8192 2.000000000 2
916 324 3 8192 2.000000000 2
916 1152 3 8192 2.000000000 2
920 352 3 8192 2.000000000 2
928 664 3 8192 2.000000000 2
944 784 3 8192 2.000000000 2
948 120 3 8192 2.000000000 2
948 272 3 8192 2.000000000 2
968 52 3 8192 2.000000000 2
980 940 3 8192 2.000000000 2
984 872 3 8192 2.000000000 2
984 916 3 8192 2.000000000 2
988 360 3 8192 2.000000000 2
988 1192 3 8192 2.000000000 2
996 516 3 8192 2.000000000 2
1004 1060 3 8192 2.000000000 2
1012 1228 3 8192 2.000000000 2
1020 220 3 8192 2.000000000 2
1028 1176 3 8192 2.000000000 2
1036 496 3 8192 2.000000000 2
1052 808 3 8192 2.000000000 2
1056 124 3 8192 2.000000000 2
1056 272 3 8192 2.000000000 2
1056 536 3 8192 2.000000000 2
1056 1264 3 8192 2.000000000 2
1060 1100 3 8192 2.000000000 2
1068 48 3 8192 2.000000000 2
1072 812 3 8192 2.000000000 2
1076 652 3 8192 2.000000000 2
1076 888 3 8192 2.000000000 2
1076 936 3 8192 2.000000000 2
1084 164 3 8192 2.000000000 2
1084 592 3 8192 2.000000000 2
1088 8 3 8192 2.000000000 2
1092 1264 3 8192 2.000000000 2
1096 208 3 8192 2.000000000 2
1096 1184 3 8192 2.000000000 2
1104 936 3 8192 2.000000000 2
1112 1056 3 8192 2.000000000 2
1116 220 3 8192 2.000000000 2
1128 20 3 8192 2.000000000 2
1128 300 3 8192 2.000000000 2
1128 1020 3 8192 2.000000000 2
1132 524 3 8192 2.000000000 2
1132 964 3 8192 2.000000000 2
1136 252 3 8192 2.000000000 2
1140 444 3 8192 2.000000000 2
1140 820 3 8192 2.000000000 2
1152 72 3 8192 2.000000000 2
1152 296 3 8192 2.000000000 2
1152 592 3 8192 2.000000000 2
1156 296 3 8192 2.000000000 2
1156 968 3 8192 2.000000000 2
1164 1240 3 8192 2.000000000 2
1168 32 3 8192 2.000000000 2
1172 384 3 8192 2.000000000 2
1176 228 3 8192 2.000000000 2
1176 644 3 8192 2.000000000 2
1184 272 3 8192 2.000000000 2
1184 384 3 8192 2.000000000 2
1184 456 3 8192 2.000000000 2
1184 508 3 8192 2.000000000 2
1184 972 3 8192 2.000000000 2
1184 1068 3 8192 2.000000000 2
1196 520 3 8192 2.000000000 2
1200 16 3 8192 2.000000000 2
1212 500 3 8192 2.000000000 2
1216 800 3 8192 2.000000000 2
1224 300 3 8192 2.000000000 2
1228 696 3 8192 2.000000000 2
1228 832 3 8192 2.000000000 2
1228 1132 3 8192 2.000000000 2
1232 0 3 8192 2.000000000 2
1240 484 3 8192 2.000000000 2
1256 560 3 8192 2.000000000 2
1260 48 3 8192 2.000000000 2
1264 456 3 8192 2.000000000 2
1264 596 3 8192 2.000000000 2
1272 824 3 8192 2.000000000 2
1272 988 3 8192 2.000000000 2
