2306
340 680 3 8388608 2.000000000 1
636 952 3 8388608 2.000000000 1
0 52 3 8192 2.000000000 2
0 208 3 8192 2.000000000 2
0 296 3 8192 2.000000000 2
0 384 3 8192 2.000000000 2
0 432 3 8192 2.000000000 2
0 476 3 8192 2.000000000 2
0 484 3 8192 2.000000000 2
0 548 3 8192 2.000000000 2
0 700 3 8192 2.000000000 2
0 812 3 8192 2.000000000 2
0 912 3 8192 2.000000000 2
0 1260 3 8192 2.000000000 2
4 264 3 8192 2.000000000 2
4 464 3 8192 2.000000000 2
4 588 3 8192 2.000000000 2
4 676 3 8192 2.000000000 2
4 964 3 8192 2.000000000 2
4 1204 3 8192 2.000000000 2
4 1260 3 8192 2.000000000 2
8 124 3 8192 2.000000000 2
8 316 3 8192 2.000000000 2
8 376 3 8192 2.000000000 2
8 580 3 8192 2.000000000 2
8 596 3 8192 2.000000000 2
8 688 3 8192 2.000000000 2
8 700 3 8192 2.000000000 2
8 840 3 8192 2.000000000 2
8 984 3 8192 2.000000000 2
8 1160 3 8192 2.000000000 2
12 52 3 8192 2.000000000 2
12 200 3 8192 2.000000000 2
12 268 3 8192 2.000000000 2
12 296 3 8192 2.000000000 2
12 412 3 8192 2.000000000 2
12 496 3 8192 2.000000000 2
12 596 3 8192 2.000000000 2
12 632 3 8192 2.000000000 2
12 668 3 8192 2.000000000 2
12 676 3 8192 2.000000000 2
12 760 3 8192 2.000000000 2
12 928 3 8192 2.000000000 2
12 1024 3 8192 2.000000000 2
12 1168 3 8192 2.000000000 2
12 1188 3 8192 2.000000000 2
12 1224 3 8192 2.000000000 2
16 136 3 8192 2.000000000 2
16 268 3 8192 2.000000000 2
16 1052 3 8192 2.000000000 2
16 1056 3 8192 2.000000000 2
20 4 3 8192 2.000000000 2
20 88 3 8192 2.000000000 2
20 256 3 8192 2.000000000 2
20 524 3 8192 2.000000000 2
20 660 3 8192 2.000000000 2
20 708 3 8192 2.000000000 2
20 840 3 8192 2.000000000 2
20 984 3 8192 2.000000000 2
20 1068 3 8192 2.000000000 2
20 1212 3 8192 2.000000000 2
24 0 3 8192 2.000000000 2
24 8 3 8192 2.000000000 2
24 40 3 8192 2.000000000 2
24 224 3 8192 2.000000000 2
24 392 3 8192 2.000000000 2
24 600 3 8192 2.000000000 2
24 744 3 8192 2.000000000 2
24 820 3 8192 2.000000000 2
24 872 3 8192 2.000000000 2
24 896 3 8192 2.000000000 2
24 1048 3 8192 2.000000000 2
24 1116 3 8192 2.000000000 2
24 1216 3 8192 2.000000000 2
32 204 3 8192 2.000000000 2
32 312 3 8192 2.000000000 2
32 496 3 8192 2.000000000 2
32 568 3 8192 2.000000000 2
32 600 3 8192 2.000000000 2
32 708 3 8192 2.000000000 2
32 920 3 8192 2.000000000 2
32 1096 3 8192 2.000000000 2
40 120 3 8192 2.000000000 2
40 300 3 8192 2.000000000 2
40 428 3 8192 2.000000000 2
40 752 3 8192 2.000000000 2
40 804 3 8192 2.000000000 2
40 884 3 8192 2.000000000 2
44 132 3 8192 2.000000000 2
44 508 3 8192 2.000000000 2
44 784 3 8192 2.000000000 2
44 812 3 8192 2.000000000 2
44 968 3 8192 2.000000000 2
44 1192 3 8192 2.000000000 2
44 1256 3 8192 2.000000000 2
48 76 3 8192 2.000000000 2
48 152 3 8192 2.000000000 2
48 160 3 8192 2.000000000 2
48 528 3 8192 2.000000000 2
48 592 3 8192 2.000000000 2
48 604 3 8192 2.000000000 2
48 1084 3 8192 2.000000000 2
48 1152 3 8192 2.000000000 2
48 1160 3 8192 2.000000000 2
48 1220 3 8192 2.000000000 2
48 1260 3 8192 2.000000000 2
48 1276 3 8192 2.000000000 2
52 288 3 8192 2.000000000 2
52 796 3 8192 2.000000000 2
52 800 3 8192 2.000000000 2
52 824 3 8192 2.000000000 2
52 1028 3 8192 2.000000000 2
52 1064 3 8192 2.000000000 2
52 1244 3 8192 2.000000000 2
60 136 3 8192 2.000000000 2
60 444 3 8192 2.000000000 2
60 496 3 8192 2.000000000 2
60 596 3 8192 2.000000000 2
60 1132 3 8192 2.000000000 2
60 1184 3 8192 2.000000000 2
60 1220 3 8192 2.000000000 2
64 144 3 8192 2.000000000 2
64 500 3 8192 2.000000000 2
64 672 3 8192 2.000000000 2
64 696 3 8192 2.000000000 2
64 760 3 8192 2.000000000 2
64 808 3 8192 2.000000000 2
64 896 3 8192 2.000000000 2
64 1132 3 8192 2.000000000 2
64 1184 3 8192 2.000000000 2
68 64 3 8192 2.000000000 2
68 92 3 8192 2.000000000 2
68 204 3 8192 2.000000000 2
68 240 3 8192 2.000000000 2
68 528 3 8192 2.000000000 2
68 556 3 8192 2.000000000 2
68 608 3 8192 2.000000000 2
68 892 3 8192 2.000000000 2
68 928 3 8192 2.000000000 2
68 1020 3 8192 2.000000000 2
72 348 3 8192 2.000000000 2
72 448 3 8192 2.000000000 2
72 476 3 8192 2.000000000 2
72 716 3 8192 2.000000000 2
72 892 3 8192 2.000000000 2
72 1128 3 8192 2.000000000 2
76 88 3 8192 2.000000000 2
76 124 3 8192 2.000000000 2
76 328 3 8192 2.000000000 2
76 544 3 8192 2.000000000 2
76 552 3 8192 2.000000000 2
76 608 3 8192 2.000000000 2
76 852 3 8192 2.000000000 2
76 892 3 8192 2.000000000 2
76 1072 3 8192 2.000000000 2
76 1104 3 8192 2.000000000 2
76 1120 3 8192 2.000000000 2
76 1220 3 8192 2.000000000 2
80 44 3 8192 2.000000000 2
80 96 3 8192 2.000000000 2
80 460 3 8192 2.000000000 2
80 548 3 8192 2.000000000 2
80 596 3 8192 2.000000000 2
80 840 3 8192 2.000000000 2
80 860 3 8192 2.000000000 2
80 1092 3 8192 2.000000000 2
84 104 3 8192 2.000000000 2
84 244 3 8192 2.000000000 2
84 268 3 8192 2.000000000 2
84 368 3 8192 2.000000000 2
84 392 3 8192 2.000000000 2
84 708 3 8192 2.000000000 2
84 896 3 8192 2.000000000 2
84 948 3 8192 2.000000000 2
84 964 3 8192 2.000000000 2
84 1064 3 8192 2.000000000 2
84 1072 3 8192 2.000000000 2
84 1096 3 8192 2.000000000 2
84 1200 3 8192 2.000000000 2
84 1236 3 8192 2.000000000 2
88 344 3 8192 2.000000000 2
88 352 3 8192 2.000000000 2
88 588 3 8192 2.000000000 2
88 616 3 8192 2.000000000 2
88 708 3 8192 2.000000000 2
92 20 3 8192 2.000000000 2
92 68 3 8192 2.000000000 2
92 80 3 8192 2.000000000 2
92 252 3 8192 2.000000000 2
92 484 3 8192 2.000000000 2
92 560 3 8192 2.000000000 2
92 824 3 8192 2.000000000 2
92 984 3 8192 2.000000000 2
92 1004 3 8192 2.000000000 2
92 1052 3 8192 2.000000000 2
92 1264 3 8192 2.000000000 2
96 32 3 8192 2.000000000 2
96 244 3 8192 2.000000000 2
96 256 3 8192 2.000000000 2
96 444 3 8192 2.000000000 2
96 560 3 8192 2.000000000 2
96 936 3 8192 2.000000000 2
96 1120 3 8192 2.000000000 2
96 1264 3 8192 2.000000000 2
100 116 3 8192 2.000000000 2
100 132 3 8192 2.000000000 2
100 148 3 8192 2.000000000 2
100 152 3 8192 2.000000000 2
100 184 3 8192 2.000000000 2
100 592 3 8192 2.000000000 2
100 716 3 8192 2.000000000 2
100 960 3 8192 2.000000000 2
100 1084 3 8192 2.000000000 2
100 1232 3 8192 2.000000000 2
104 216 3 8192 2.000000000 2
104 220 3 8192 2.000000000 2
104 508 3 8192 2.000000000 2
104 580 3 8192 2.000000000 2
104 688 3 8192 2.000000000 2
104 820 3 8192 2.000000000 2
104 840 3 8192 2.000000000 2
104 888 3 8192 2.000000000 2
104 928 3 8192 2.000000000 2
108 72 3 8192 2.000000000 2
108 224 3 8192 2.000000000 2
108 236 3 8192 2.000000000 2
108 508 3 8192 2.000000000 2
108 896 3 8192 2.000000000 2
108 1172 3 8192 2.000000000 2
108 1192 3 8192 2.000000000 2
116 440 3 8192 2.000000000 2
116 1084 3 8192 2.000000000 2
120 48 3 8192 2.000000000 2
120 148 3 8192 2.000000000 2
120 344 3 8192 2.000000000 2
120 484 3 8192 2.000000000 2
120 500 3 8192 2.000000000 2
120 904 3 8192 2.000000000 2
120 1056 3 8192 2.000000000 2
120 1092 3 8192 2.000000000 2
120 1112 3 8192 2.000000000 2
120 1120 3 8192 2.000000000 2
120 1200 3 8192 2.000000000 2
124 172 3 8192 2.000000000 2
124 204 3 8192 2.000000000 2
124 256 3 8192 2.000000000 2
124 280 3 8192 2.000000000 2
124 592 3 8192 2.000000000 2
124 596 3 8192 2.000000000 2
124 676 3 8192 2.000000000 2
124 692 3 8192 2.000000000 2
132 20 3 8192 2.000000000 2
132 272 3 8192 2.000000000 2
132 280 3 8192 2.000000000 2
132 324 3 8192 2.000000000 2
132 580 3 8192 2.000000000 2
132 652 3 8192 2.000000000 2
132 704 3 8192 2.000000000 2
132 744 3 8192 2.000000000 2
132 1056 3 8192 2.000000000 2
132 1112 3 8192 2.000000000 2
136 20 3 8192 2.000000000 2
136 52 3 8192 2.000000000 2
136 68 3 8192 2.000000000 2
136 220 3 8192 2.000000000 2
136 224 3 8192 2.000000000 2
136 392 3 8192 2.000000000 2
136 536 3 8192 2.000000000 2
136 684 3 8192 2.000000000 2
136 732 3 8192 2.000000000 2
136 1148 3 8192 2.000000000 2
144 104 3 8192 2.000000000 2
144 320 3 8192 2.000000000 2
144 536 3 8192 2.000000000 2
144 548 3 8192 2.000000000 2
144 560 3 8192 2.000000000 2
144 904 3 8192 2.000000000 2
144 1060 3 8192 2.000000000 2
144 1112 3 8192 2.000000000 2
148 212 3 8192 2.000000000 2
148 632 3 8192 2.000000000 2
148 640 3 8192 2.000000000 2
148 684 3 8192 2.000000000 2
148 732 3 8192 2.000000000 2
148 768 3 8192 2.000000000 2
148 868 3 8192 2.000000000 2
148 900 3 8192 2.000000000 2
148 944 3 8192 2.000000000 2
148 1260 3 8192 2.000000000 2
152 88 3 8192 2.000000000 2
152 292 3 8192 2.000000000 2
152 424 3 8192 2.000000000 2
152 1036 3 8192 2.000000000 2
152 1076 3 8192 2.000000000 2
152 1168 3 8192 2.000000000 2
152 1224 3 8192 2.000000000 2
152 1272 3 8192 2.000000000 2
156 60 3 8192 2.000000000 2
156 364 3 8192 2.000000000 2
156 660 3 8192 2.000000000 2
156 808 3 8192 2.000000000 2
156 904 3 8192 2.000000000 2
156 916 3 8192 2.000000000 2
156 1172 3 8192 2.000000000 2
156 1244 3 8192 2.000000000 2
160 344 3 8192 2.000000000 2
160 560 3 8192 2.000000000 2
160 592 3 8192 2.000000000 2
160 728 3 8192 2.000000000 2
160 756 3 8192 2.000000000 2
160 936 3 8192 2.000000000 2
160 984 3 8192 2.000000000 2
160 1032 3 8192 2.000000000 2
160 1056 3 8192 2.000000000 2
160 1104 3 8192 2.000000000 2
160 1192 3 8192 2.000000000 2
164 8 3 8192 2.000000000 2
164 240 3 8192 2.000000000 2
164 304 3 8192 2.000000000 2
164 348 3 8192 2.000000000 2
164 588 3 8192 2.000000000 2
164 676 3 8192 2.000000000 2
164 812 3 8192 2.000000000 2
164 860 3 8192 2.000000000 2
164 876 3 8192 2.000000000 2
164 896 3 8192 2.000000000 2
164 1032 3 8192 2.000000000 2
172 88 3 8192 2.000000000 2
172 120 3 8192 2.000000000 2
172 216 3 8192 2.000000000 2
172 440 3 8192 2.000000000 2
172 472 3 8192 2.000000000 2
172 512 3 8192 2.000000000 2
172 652 3 8192 2.000000000 2
172 756 3 8192 2.000000000 2
172 996 3 8192 2.000000000 2
172 1072 3 8192 2.000000000 2
172 1084 3 8192 2.000000000 2
172 1112 3 8192 2.000000000 2
172 1148 3 8192 2.000000000 2
180 8 3 8192 2.000000000 2
180 524 3 8192 2.000000000 2
180 560 3 8192 2.000000000 2
180 652 3 8192 2.000000000 2
180 664 3 8192 2.000000000 2
180 692 3 8192 2.000000000 2
180 760 3 8192 2.000000000 2
180 880 3 8192 2.000000000 2
180 996 3 8192 2.000000000 2
180 1068 3 8192 2.000000000 2
180 1156 3 8192 2.000000000 2
184 64 3 8192 2.000000000 2
184 412 3 8192 2.000000000 2
184 496 3 8192 2.000000000 2
184 504 3 8192 2.000000000 2
184 676 3 8192 2.000000000 2
184 756 3 8192 2.000000000 2
184 804 3 8192 2.000000000 2
184 1084 3 8192 2.000000000 2
184 1176 3 8192 2.000000000 2
196 708 3 8192 2.000000000 2
196 1236 3 8192 2.000000000 2
200 24 3 8192 2.000000000 2
200 88 3 8192 2.000000000 2
200 116 3 8192 2.000000000 2
200 204 3 8192 2.000000000 2
200 244 3 8192 2.000000000 2
200 508 3 8192 2.000000000 2
200 676 3 8192 2.000000000 2
200 696 3 8192 2.000000000 2
200 804 3 8192 2.000000000 2
204 20 3 8192 2.000000000 2
204 64 3 8192 2.000000000 2
204 72 3 8192 2.000000000 2
204 80 3 8192 2.000000000 2
204 92 3 8192 2.000000000 2
204 104 3 8192 2.000000000 2
204 228 3 8192 2.000000000 2
204 396 3 8192 2.000000000 2
204 456 3 8192 2.000000000 2
204 480 3 8192 2.000000000 2
204 572 3 8192 2.000000000 2
204 816 3 8192 2.000000000 2
204 880 3 8192 2.000000000 2
204 884 3 8192 2.000000000 2
204 1028 3 8192 2.000000000 2
204 1068 3 8192 2.000000000 2
204 1148 3 8192 2.000000000 2
204 1184 3 8192 2.000000000 2
204 1212 3 8192 2.000000000 2
204 1232 3 8192 2.000000000 2
208 60 3 8192 2.000000000 2
208 152 3 8192 2.000000000 2
208 172 3 8192 2.000000000 2
208 760 3 8192 2.000000000 2
208 1060 3 8192 2.000000000 2
208 1096 3 8192 2.000000000 2
208 1264 3 8192 2.000000000 2
208 1272 3 8192 2.000000000 2
212 8 3 8192 2.000000000 2
212 100 3 8192 2.000000000 2
212 864 3 8192 2.000000000 2
212 948 3 8192 2.000000000 2
212 1272 3 8192 2.000000000 2
216 8 3 8192 2.000000000 2
216 44 3 8192 2.000000000 2
216 60 3 8192 2.000000000 2
216 144 3 8192 2.000000000 2
216 156 3 8192 2.000000000 2
216 212 3 8192 2.000000000 2
216 276 3 8192 2.000000000 2
216 516 3 8192 2.000000000 2
216 568 3 8192 2.000000000 2
216 600 3 8192 2.000000000 2
216 916 3 8192 2.000000000 2
216 944 3 8192 2.000000000 2
216 1012 3 8192 2.000000000 2
220 100 3 8192 2.000000000 2
220 108 3 8192 2.000000000 2
220 184 3 8192 2.000000000 2
220 200 3 8192 2.000000000 2
220 328 3 8192 2.000000000 2
220 444 3 8192 2.000000000 2
220 448 3 8192 2.000000000 2
220 500 3 8192 2.000000000 2
220 520 3 8192 2.000000000 2
220 724 3 8192 2.000000000 2
220 840 3 8192 2.000000000 2
220 880 3 8192 2.000000000 2
220 960 3 8192 2.000000000 2
220 1096 3 8192 2.000000000 2
220 1236 3 8192 2.000000000 2
224 228 3 8192 2.000000000 2
224 304 3 8192 2.000000000 2
224 352 3 8192 2.000000000 2
224 548 3 8192 2.000000000 2
224 588 3 8192 2.000000000 2
224 888 3 8192 2.000000000 2
224 960 3 8192 2.000000000 2
224 984 3 8192 2.000000000 2
224 1008 3 8192 2.000000000 2
224 1048 3 8192 2.000000000 2
224 1236 3 8192 2.000000000 2
224 1252 3 8192 2.000000000 2
228 144 3 8192 2.000000000 2
228 224 3 8192 2.000000000 2
228 252 3 8192 2.000000000 2
228 420 3 8192 2.000000000 2
228 504 3 8192 2.000000000 2
228 724 3 8192 2.000000000 2
228 840 3 8192 2.000000000 2
228 1204 3 8192 2.000000000 2
232 152 3 8192 2.000000000 2
232 244 3 8192 2.000000000 2
232 488 3 8192 2.000000000 2
232 504 3 8192 2.000000000 2
232 532 3 8192 2.000000000 2
232 704 3 8192 2.000000000 2
232 732 3 8192 2.000000000 2
232 820 3 8192 2.000000000 2
232 876 3 8192 2.000000000 2
232 940 3 8192 2.000000000 2
232 980 3 8192 2.000000000 2
232 1236 3 8192 2.000000000 2
236 44 3 8192 2.000000000 2
236 116 3 8192 2.000000000 2
236 160 3 8192 2.000000000 2
236 368 3 8192 2.000000000 2
236 468 3 8192 2.000000000 2
236 488 3 8192 2.000000000 2
236 712 3 8192 2.000000000 2
236 960 3 8192 2.000000000 2
236 1012 3 8192 2.000000000 2
236 1020 3 8192 2.000000000 2
236 1060 3 8192 2.000000000 2
236 1076 3 8192 2.000000000 2
240 52 3 8192 2.000000000 2
240 268 3 8192 2.000000000 2
240 292 3 8192 2.000000000 2
240 312 3 8192 2.000000000 2
240 500 3 8192 2.000000000 2
240 568 3 8192 2.000000000 2
240 688 3 8192 2.000000000 2
240 744 3 8192 2.000000000 2
240 864 3 8192 2.000000000 2
240 876 3 8192 2.000000000 2
240 1076 3 8192 2.000000000 2
240 1096 3 8192 2.000000000 2
240 1260 3 8192 2.000000000 2
244 88 3 8192 2.000000000 2
244 496 3 8192 2.000000000 2
244 556 3 8192 2.000000000 2
244 668 3 8192 2.000000000 2
244 744 3 8192 2.000000000 2
244 896 3 8192 2.000000000 2
244 1036 3 8192 2.000000000 2
244 1056 3 8192 2.000000000 2
244 1064 3 8192 2.000000000 2
244 1160 3 8192 2.000000000 2
244 1176 3 8192 2.000000000 2
252 40 3 8192 2.000000000 2
252 72 3 8192 2.000000000 2
252 152 3 8192 2.000000000 2
252 216 3 8192 2.000000000 2
252 224 3 8192 2.000000000 2
252 292 3 8192 2.000000000 2
252 460 3 8192 2.000000000 2
252 632 3 8192 2.000000000 2
252 800 3 8192 2.000000000 2
252 816 3 8192 2.000000000 2
252 940 3 8192 2.000000000 2
252 1020 3 8192 2.000000000 2
252 1128 3 8192 2.000000000 2
252 1172 3 8192 2.000000000 2
252 1188 3 8192 2.000000000 2
252 1228 3 8192 2.000000000 2
252 1256 3 8192 2.000000000 2
256 80 3 8192 2.000000000 2
256 152 3 8192 2.000000000 2
256 408 3 8192 2.000000000 2
256 508 3 8192 2.000000000 2
256 1008 3 8192 2.000000000 2
256 1056 3 8192 2.000000000 2
256 1204 3 8192 2.000000000 2
260 60 3 8192 2.000000000 2
260 300 3 8192 2.000000000 2
260 304 3 8192 2.000000000 2
260 464 3 8192 2.000000000 2
260 696 3 8192 2.000000000 2
260 868 3 8192 2.000000000 2
260 912 3 8192 2.000000000 2
260 928 3 8192 2.000000000 2
260 968 3 8192 2.000000000 2
260 972 3 8192 2.000000000 2
264 40 3 8192 2.000000000 2
264 148 3 8192 2.000000000 2
264 444 3 8192 2.000000000 2
264 572 3 8192 2.000000000 2
264 944 3 8192 2.000000000 2
264 1020 3 8192 2.000000000 2
264 1032 3 8192 2.000000000 2
264 1068 3 8192 2.000000000 2
264 1116 3 8192 2.000000000 2
264 1212 3 8192 2.000000000 2
268 132 3 8192 2.000000000 2
268 536 3 8192 2.000000000 2
268 1024 3 8192 2.000000000 2
268 1132 3 8192 2.000000000 2
268 1140 3 8192 2.000000000 2
268 1228 3 8192 2.000000000 2
268 1260 3 8192 2.000000000 2
272 20 3 8192 2.000000000 2
272 48 3 8192 2.000000000 2
272 116 3 8192 2.000000000 2
272 172 3 8192 2.000000000 2
272 360 3 8192 2.000000000 2
272 972 3 8192 2.000000000 2
272 1004 3 8192 2.000000000 2
276 52 3 8192 2.000000000 2
276 68 3 8192 2.000000000 2
276 104 3 8192 2.000000000 2
276 148 3 8192 2.000000000 2
276 156 3 8192 2.000000000 2
276 300 3 8192 2.000000000 2
276 352 3 8192 2.000000000 2
276 424 3 8192 2.000000000 2
276 756 3 8192 2.000000000 2
276 792 3 8192 2.000000000 2
276 1112 3 8192 2.000000000 2
276 1244 3 8192 2.000000000 2
280 32 3 8192 2.000000000 2
280 136 3 8192 2.000000000 2
280 152 3 8192 2.000000000 2
280 432 3 8192 2.000000000 2
280 472 3 8192 2.000000000 2
280 816 3 8192 2.000000000 2
280 840 3 8192 2.000000000 2
280 900 3 8192 2.000000000 2
280 1192 3 8192 2.000000000 2
288 268 3 8192 2.000000000 2
288 480 3 8192 2.000000000 2
288 808 3 8192 2.000000000 2
292 72 3 8192 2.000000000 2
292 100 3 8192 2.000000000 2
292 132 3 8192 2.000000000 2
292 184 3 8192 2.000000000 2
292 364 3 8192 2.000000000 2
292 488 3 8192 2.000000000 2
292 548 3 8192 2.000000000 2
292 688 3 8192 2.000000000 2
292 1120 3 8192 2.000000000 2
292 1164 3 8192 2.000000000 2
292 1188 3 8192 2.000000000 2
296 88 3 8192 2.000000000 2
296 160 3 8192 2.000000000 2
296 256 3 8192 2.000000000 2
296 292 3 8192 2.000000000 2
296 432 3 8192 2.000000000 2
296 536 3 8192 2.000000000 2
296 796 3 8192 2.000000000 2
296 904 3 8192 2.000000000 2
296 1176 3 8192 2.000000000 2
296 1204 3 8192 2.000000000 2
296 1264 3 8192 2.000000000 2
300 64 3 8192 2.000000000 2
300 96 3 8192 2.000000000 2
300 204 3 8192 2.000000000 2
300 756 3 8192 2.000000000 2
300 792 3 8192 2.000000000 2
300 812 3 8192 2.000000000 2
300 964 3 8192 2.000000000 2
300 1048 3 8192 2.000000000 2
300 1156 3 8192 2.000000000 2
300 1220 3 8192 2.000000000 2
300 1244 3 8192 2.000000000 2
304 40 3 8192 2.000000000 2
304 268 3 8192 2.000000000 2
304 420 3 8192 2.000000000 2
304 428 3 8192 2.000000000 2
304 524 3 8192 2.000000000 2
304 652 3 8192 2.000000000 2
304 744 3 8192 2.000000000 2
304 768 3 8192 2.000000000 2
304 900 3 8192 2.000000000 2
304 1008 3 8192 2.000000000 2
304 1164 3 8192 2.000000000 2
312 100 3 8192 2.000000000 2
312 148 3 8192 2.000000000 2
312 252 3 8192 2.000000000 2
312 608 3 8192 2.000000000 2
312 880 3 8192 2.000000000 2
316 16 3 8192 2.000000000 2
316 108 3 8192 2.000000000 2
316 472 3 8192 2.000000000 2
316 624 3 8192 2.000000000 2
316 728 3 8192 2.000000000 2
316 756 3 8192 2.000000000 2
316 940 3 8192 2.000000000 2
316 944 3 8192 2.000000000 2
316 1008 3 8192 2.000000000 2
316 1088 3 8192 2.000000000 2
316 1156 3 8192 2.000000000 2
316 1160 3 8192 2.000000000 2
316 1164 3 8192 2.000000000 2
316 1168 3 8192 2.000000000 2
316 1276 3 8192 2.000000000 2
320 88 3 8192 2.000000000 2
320 196 3 8192 2.000000000 2
320 424 3 8192 2.000000000 2
320 692 3 8192 2.000000000 2
320 824 3 8192 2.000000000 2
320 980 3 8192 2.000000000 2
320 1256 3 8192 2.000000000 2
324 240 3 8192 2.000000000 2
324 448 3 8192 2.000000000 2
324 668 3 8192 2.000000000 2
324 676 3 8192 2.000000000 2
324 716 3 8192 2.000000000 2
324 812 3 8192 2.000000000 2
324 832 3 8192 2.000000000 2
324 916 3 8192 2.000000000 2
324 1140 3 8192 2.000000000 2
328 40 3 8192 2.000000000 2
328 68 3 8192 2.000000000 2
328 76 3 8192 2.000000000 2
328 136 3 8192 2.000000000 2
328 292 3 8192 2.000000000 2
328 296 3 8192 2.000000000 2
328 316 3 8192 2.000000000 2
328 516 3 8192 2.000000000 2
328 676 3 8192 2.000000000 2
328 916 3 8192 2.000000000 2
328 1128 3 8192 2.000000000 2
328 1232 3 8192 2.000000000 2
344 20 3 8192 2.000000000 2
344 136 3 8192 2.000000000 2
344 148 3 8192 2.000000000 2
344 156 3 8192 2.000000000 2
344 172 3 8192 2.000000000 2
344 280 3 8192 2.000000000 2
344 412 3 8192 2.000000000 2
344 732 3 8192 2.000000000 2
344 756 3 8192 2.000000000 2
344 1024 3 8192 2.000000000 2
344 1228 3 8192 2.000000000 2
348 264 3 8192 2.000000000 2
348 532 3 8192 2.000000000 2
348 688 3 8192 2.000000000 2
348 864 3 8192 2.000000000 2
348 912 3 8192 2.000000000 2
348 1048 3 8192 2.000000000 2
348 1184 3 8192 2.000000000 2
352 68 3 8192 2.000000000 2
352 272 3 8192 2.000000000 2
352 592 3 8192 2.000000000 2
352 616 3 8192 2.000000000 2
352 684 3 8192 2.000000000 2
352 984 3 8192 2.000000000 2
352 1068 3 8192 2.000000000 2
352 1232 3 8192 2.000000000 2
352 1240 3 8192 2.000000000 2
360 252 3 8192 2.000000000 2
360 268 3 8192 2.000000000 2
360 348 3 8192 2.000000000 2
360 424 3 8192 2.000000000 2
360 448 3 8192 2.000000000 2
360 508 3 8192 2.000000000 2
360 652 3 8192 2.000000000 2
360 960 3 8192 2.000000000 2
360 1156 3 8192 2.000000000 2
360 1188 3 8192 2.000000000 2
360 1228 3 8192 2.000000000 2
364 208 3 8192 2.000000000 2
364 304 3 8192 2.000000000 2
364 428 3 8192 2.000000000 2
364 752 3 8192 2.000000000 2
364 784 3 8192 2.000000000 2
364 1196 3 8192 2.000000000 2
368 104 3 8192 2.000000000 2
368 124 3 8192 2.000000000 2
368 312 3 8192 2.000000000 2
368 496 3 8192 2.000000000 2
368 732 3 8192 2.000000000 2
368 832 3 8192 2.000000000 2
368 996 3 8192 2.000000000 2
368 1036 3 8192 2.000000000 2
368 1104 3 8192 2.000000000 2
376 116 3 8192 2.000000000 2
376 304 3 8192 2.000000000 2
376 364 3 8192 2.000000000 2
376 432 3 8192 2.000000000 2
376 456 3 8192 2.000000000 2
376 508 3 8192 2.000000000 2
376 624 3 8192 2.000000000 2
376 768 3 8192 2.000000000 2
376 1192 3 8192 2.000000000 2
384 20 3 8192 2.000000000 2
384 68 3 8192 2.000000000 2
384 84 3 8192 2.000000000 2
384 148 3 8192 2.000000000 2
384 236 3 8192 2.000000000 2
384 300 3 8192 2.000000000 2
384 424 3 8192 2.000000000 2
384 496 3 8192 2.000000000 2
384 516 3 8192 2.000000000 2
384 852 3 8192 2.000000000 2
384 936 3 8192 2.000000000 2
384 1020 3 8192 2.000000000 2
384 1072 3 8192 2.000000000 2
384 1076 3 8192 2.000000000 2
384 1244 3 8192 2.000000000 2
392 312 3 8192 2.000000000 2
392 316 3 8192 2.000000000 2
392 320 3 8192 2.000000000 2
392 660 3 8192 2.000000000 2
392 724 3 8192 2.000000000 2
392 760 3 8192 2.000000000 2
392 1004 3 8192 2.000000000 2
392 1028 3 8192 2.000000000 2
392 1068 3 8192 2.000000000 2
392 1252 3 8192 2.000000000 2
396 492 3 8192 2.000000000 2
396 600 3 8192 2.000000000 2
396 676 3 8192 2.000000000 2
396 944 3 8192 2.000000000 2
396 1024 3 8192 2.000000000 2
396 1192 3 8192 2.000000000 2
396 1224 3 8192 2.000000000 2
408 24 3 8192 2.000000000 2
408 100 3 8192 2.000000000 2
408 172 3 8192 2.000000000 2
408 304 3 8192 2.000000000 2
408 504 3 8192 2.000000000 2
408 812 3 8192 2.000000000 2
408 832 3 8192 2.000000000 2
408 1028 3 8192 2.000000000 2
408 1216 3 8192 2.000000000 2
412 80 3 8192 2.000000000 2
412 316 3 8192 2.000000000 2
412 500 3 8192 2.000000000 2
412 592 3 8192 2.000000000 2
412 724 3 8192 2.000000000 2
412 768 3 8192 2.000000000 2
412 780 3 8192 2.000000000 2
420 272 3 8192 2.000000000 2
420 324 3 8192 2.000000000 2
420 548 3 8192 2.000000000 2
420 560 3 8192 2.000000000 2
420 608 3 8192 2.000000000 2
420 1100 3 8192 2.000000000 2
420 1204 3 8192 2.000000000 2
420 1216 3 8192 2.000000000 2
420 1256 3 8192 2.000000000 2
420 1276 3 8192 2.000000000 2
424 76 3 8192 2.000000000 2
424 104 3 8192 2.000000000 2
424 208 3 8192 2.000000000 2
424 368 3 8192 2.000000000 2
424 376 3 8192 2.000000000 2
424 484 3 8192 2.000000000 2
424 604 3 8192 2.000000000 2
424 652 3 8192 2.000000000 2
424 920 3 8192 2.000000000 2
424 1120 3 8192 2.000000000 2
424 1272 3 8192 2.000000000 2
428 260 3 8192 2.000000000 2
428 744 3 8192 2.000000000 2
428 876 3 8192 2.000000000 2
428 936 3 8192 2.000000000 2
428 1224 3 8192 2.000000000 2
432 328 3 8192 2.000000000 2
432 360 3 8192 2.000000000 2
432 504 3 8192 2.000000000 2
432 644 3 8192 2.000000000 2
432 704 3 8192 2.000000000 2
432 964 3 8192 2.000000000 2
432 1132 3 8192 2.000000000 2
440 40 3 8192 2.000000000 2
440 44 3 8192 2.000000000 2
440 68 3 8192 2.000000000 2
440 732 3 8192 2.000000000 2
440 752 3 8192 2.000000000 2
440 832 3 8192 2.000000000 2
440 872 3 8192 2.000000000 2
440 1100 3 8192 2.000000000 2
440 1116 3 8192 2.000000000 2
440 1168 3 8192 2.000000000 2
440 1192 3 8192 2.000000000 2
444 144 3 8192 2.000000000 2
444 296 3 8192 2.000000000 2
444 640 3 8192 2.000000000 2
444 696 3 8192 2.000000000 2
444 756 3 8192 2.000000000 2
444 848 3 8192 2.000000000 2
444 1148 3 8192 2.000000000 2
444 1184 3 8192 2.000000000 2
444 1216 3 8192 2.000000000 2
444 1224 3 8192 2.000000000 2
448 24 3 8192 2.000000000 2
448 184 3 8192 2.000000000 2
448 532 3 8192 2.000000000 2
448 604 3 8192 2.000000000 2
448 1120 3 8192 2.000000000 2
448 1132 3 8192 2.000000000 2
448 1224 3 8192 2.000000000 2
448 1228 3 8192 2.000000000 2
456 160 3 8192 2.000000000 2
456 368 3 8192 2.000000000 2
456 396 3 8192 2.000000000 2
456 572 3 8192 2.000000000 2
456 752 3 8192 2.000000000 2
456 884 3 8192 2.000000000 2
456 916 3 8192 2.000000000 2
456 1200 3 8192 2.000000000 2
460 24 3 8192 2.000000000 2
460 484 3 8192 2.000000000 2
460 796 3 8192 2.000000000 2
460 900 3 8192 2.000000000 2
464 52 3 8192 2.000000000 2
464 228 3 8192 2.000000000 2
464 304 3 8192 2.000000000 2
464 508 3 8192 2.000000000 2
464 920 3 8192 2.000000000 2
468 32 3 8192 2.000000000 2
468 304 3 8192 2.000000000 2
468 328 3 8192 2.000000000 2
468 456 3 8192 2.000000000 2
468 472 3 8192 2.000000000 2
468 492 3 8192 2.000000000 2
468 556 3 8192 2.000000000 2
468 948 3 8192 2.000000000 2
468 1136 3 8192 2.000000000 2
472 76 3 8192 2.000000000 2
472 288 3 8192 2.000000000 2
472 632 3 8192 2.000000000 2
472 912 3 8192 2.000000000 2
472 940 3 8192 2.000000000 2
472 1160 3 8192 2.000000000 2
472 1196 3 8192 2.000000000 2
472 1256 3 8192 2.000000000 2
476 8 3 8192 2.000000000 2
476 52 3 8192 2.000000000 2
476 64 3 8192 2.000000000 2
476 108 3 8192 2.000000000 2
476 156 3 8192 2.000000000 2
476 172 3 8192 2.000000000 2
476 180 3 8192 2.000000000 2
476 464 3 8192 2.000000000 2
476 640 3 8192 2.000000000 2
476 824 3 8192 2.000000000 2
476 872 3 8192 2.000000000 2
476 948 3 8192 2.000000000 2
476 1276 3 8192 2.000000000 2
480 44 3 8192 2.000000000 2
480 224 3 8192 2.000000000 2
480 644 3 8192 2.000000000 2
480 868 3 8192 2.000000000 2
480 1036 3 8192 2.000000000 2
480 1240 3 8192 2.000000000 2
484 68 3 8192 2.000000000 2
484 124 3 8192 2.000000000 2
484 152 3 8192 2.000000000 2
484 156 3 8192 2.000000000 2
484 212 3 8192 2.000000000 2
484 292 3 8192 2.000000000 2
484 300 3 8192 2.000000000 2
484 700 3 8192 2.000000000 2
484 948 3 8192 2.000000000 2
484 1096 3 8192 2.000000000 2
484 1204 3 8192 2.000000000 2
488 44 3 8192 2.000000000 2
488 228 3 8192 2.000000000 2
488 484 3 8192 2.000000000 2
488 664 3 8192 2.000000000 2
488 812 3 8192 2.000000000 2
488 848 3 8192 2.000000000 2
488 904 3 8192 2.000000000 2
488 1004 3 8192 2.000000000 2
488 1112 3 8192 2.000000000 2
488 1132 3 8192 2.000000000 2
488 1176 3 8192 2.000000000 2
492 20 3 8192 2.000000000 2
492 32 3 8192 2.000000000 2
492 40 3 8192 2.000000000 2
492 672 3 8192 2.000000000 2
492 864 3 8192 2.000000000 2
492 896 3 8192 2.000000000 2
492 968 3 8192 2.000000000 2
492 1076 3 8192 2.000000000 2
496 32 3 8192 2.000000000 2
496 172 3 8192 2.000000000 2
496 412 3 8192 2.000000000 2
496 644 3 8192 2.000000000 2
496 1236 3 8192 2.000000000 2
500 136 3 8192 2.000000000 2
500 160 3 8192 2.000000000 2
500 412 3 8192 2.000000000 2
500 596 3 8192 2.000000000 2
500 876 3 8192 2.000000000 2
500 944 3 8192 2.000000000 2
500 1068 3 8192 2.000000000 2
500 1192 3 8192 2.000000000 2
500 1244 3 8192 2.000000000 2
504 136 3 8192 2.000000000 2
504 160 3 8192 2.000000000 2
504 292 3 8192 2.000000000 2
504 304 3 8192 2.000000000 2
504 376 3 8192 2.000000000 2
504 732 3 8192 2.000000000 2
504 784 3 8192 2.000000000 2
504 1264 3 8192 2.000000000 2
508 32 3 8192 2.000000000 2
508 88 3 8192 2.000000000 2
508 296 3 8192 2.000000000 2
508 412 3 8192 2.000000000 2
508 500 3 8192 2.000000000 2
508 888 3 8192 2.000000000 2
508 1028 3 8192 2.000000000 2
512 252 3 8192 2.000000000 2
512 352 3 8192 2.000000000 2
512 384 3 8192 2.000000000 2
512 940 3 8192 2.000000000 2
512 1184 3 8192 2.000000000 2
516 32 3 8192 2.000000000 2
516 76 3 8192 2.000000000 2
516 136 3 8192 2.000000000 2
516 200 3 8192 2.000000000 2
516 412 3 8192 2.000000000 2
516 500 3 8192 2.000000000 2
516 708 3 8192 2.000000000 2
516 812 3 8192 2.000000000 2
516 848 3 8192 2.000000000 2
516 860 3 8192 2.000000000 2
516 1104 3 8192 2.000000000 2
516 1228 3 8192 2.000000000 2
520 44 3 8192 2.000000000 2
520 272 3 8192 2.000000000 2
520 288 3 8192 2.000000000 2
520 412 3 8192 2.000000000 2
520 544 3 8192 2.000000000 2
520 904 3 8192 2.000000000 2
520 936 3 8192 2.000000000 2
524 104 3 8192 2.000000000 2
524 364 3 8192 2.000000000 2
524 596 3 8192 2.000000000 2
524 960 3 8192 2.000000000 2
524 1004 3 8192 2.000000000 2
524 1012 3 8192 2.000000000 2
528 40 3 8192 2.000000000 2
528 144 3 8192 2.000000000 2
528 156 3 8192 2.000000000 2
528 600 3 8192 2.000000000 2
528 616 3 8192 2.000000000 2
528 920 3 8192 2.000000000 2
528 996 3 8192 2.000000000 2
528 1008 3 8192 2.000000000 2
532 92 3 8192 2.000000000 2
532 256 3 8192 2.000000000 2
532 484 3 8192 2.000000000 2
532 712 3 8192 2.000000000 2
532 1212 3 8192 2.000000000 2
536 32 3 8192 2.000000000 2
536 88 3 8192 2.000000000 2
536 132 3 8192 2.000000000 2
536 264 3 8192 2.000000000 2
536 300 3 8192 2.000000000 2
536 684 3 8192 2.000000000 2
536 868 3 8192 2.000000000 2
536 880 3 8192 2.000000000 2
536 904 3 8192 2.000000000 2
544 24 3 8192 2.000000000 2
544 108 3 8192 2.000000000 2
544 208 3 8192 2.000000000 2
544 316 3 8192 2.000000000 2
544 500 3 8192 2.000000000 2
544 600 3 8192 2.000000000 2
544 780 3 8192 2.000000000 2
544 1168 3 8192 2.000000000 2
548 240 3 8192 2.000000000 2
548 244 3 8192 2.000000000 2
548 448 3 8192 2.000000000 2
548 492 3 8192 2.000000000 2
548 532 3 8192 2.000000000 2
548 732 3 8192 2.000000000 2
548 760 3 8192 2.000000000 2
548 864 3 8192 2.000000000 2
548 964 3 8192 2.000000000 2
548 996 3 8192 2.000000000 2
552 180 3 8192 2.000000000 2
552 212 3 8192 2.000000000 2
552 264 3 8192 2.000000000 2
552 560 3 8192 2.000000000 2
552 728 3 8192 2.000000000 2
552 784 3 8192 2.000000000 2
552 904 3 8192 2.000000000 2
552 1240 3 8192 2.000000000 2
556 60 3 8192 2.000000000 2
556 180 3 8192 2.000000000 2
556 212 3 8192 2.000000000 2
556 288 3 8192 2.000000000 2
556 328 3 8192 2.000000000 2
556 552 3 8192 2.000000000 2
556 760 3 8192 2.000000000 2
556 812 3 8192 2.000000000 2
556 980 3 8192 2.000000000 2
556 984 3 8192 2.000000000 2
556 1036 3 8192 2.000000000 2
560 40 3 8192 2.000000000 2
560 100 3 8192 2.000000000 2
560 124 3 8192 2.000000000 2
560 468 3 8192 2.000000000 2
560 512 3 8192 2.000000000 2
560 724 3 8192 2.000000000 2
560 808 3 8192 2.000000000 2
568 152 3 8192 2.000000000 2
568 292 3 8192 2.000000000 2
568 324 3 8192 2.000000000 2
568 440 3 8192 2.000000000 2
568 556 3 8192 2.000000000 2
568 644 3 8192 2.000000000 2
568 664 3 8192 2.000000000 2
572 296 3 8192 2.000000000 2
572 392 3 8192 2.000000000 2
572 528 3 8192 2.000000000 2
572 768 3 8192 2.000000000 2
572 892 3 8192 2.000000000 2
572 920 3 8192 2.000000000 2
572 1056 3 8192 2.000000000 2
572 1136 3 8192 2.000000000 2
572 1252 3 8192 2.000000000 2
580 496 3 8192 2.000000000 2
580 528 3 8192 2.000000000 2
580 676 3 8192 2.000000000 2
580 700 3 8192 2.000000000 2
580 860 3 8192 2.000000000 2
580 1156 3 8192 2.000000000 2
580 1244 3 8192 2.000000000 2
588 72 3 8192 2.000000000 2
588 260 3 8192 2.000000000 2
588 348 3 8192 2.000000000 2
588 512 3 8192 2.000000000 2
588 644 3 8192 2.000000000 2
588 784 3 8192 2.000000000 2
588 792 3 8192 2.000000000 2
592 272 3 8192 2.000000000 2
592 324 3 8192 2.000000000 2
592 328 3 8192 2.000000000 2
592 448 3 8192 2.000000000 2
592 496 3 8192 2.000000000 2
592 508 3 8192 2.000000000 2
592 972 3 8192 2.000000000 2
592 1116 3 8192 2.000000000 2
592 1236 3 8192 2.000000000 2
596 276 3 8192 2.000000000 2
596 300 3 8192 2.000000000 2
596 412 3 8192 2.000000000 2
596 456 3 8192 2.000000000 2
596 608 3 8192 2.000000000 2
596 864 3 8192 2.000000000 2
596 888 3 8192 2.000000000 2
596 960 3 8192 2.000000000 2
596 1164 3 8192 2.000000000 2
596 1252 3 8192 2.000000000 2
600 16 3 8192 2.000000000 2
600 76 3 8192 2.000000000 2
600 216 3 8192 2.000000000 2
600 464 3 8192 2.000000000 2
600 608 3 8192 2.000000000 2
600 616 3 8192 2.000000000 2
600 652 3 8192 2.000000000 2
600 944 3 8192 2.000000000 2
600 1008 3 8192 2.000000000 2
604 40 3 8192 2.000000000 2
604 256 3 8192 2.000000000 2
604 368 3 8192 2.000000000 2
604 548 3 8192 2.000000000 2
604 688 3 8192 2.000000000 2
604 780 3 8192 2.000000000 2
604 864 3 8192 2.000000000 2
604 996 3 8192 2.000000000 2
608 136 3 8192 2.000000000 2
608 212 3 8192 2.000000000 2
608 524 3 8192 2.000000000 2
608 588 3 8192 2.000000000 2
608 664 3 8192 2.000000000 2
608 696 3 8192 2.000000000 2
608 824 3 8192 2.000000000 2
608 868 3 8192 2.000000000 2
608 944 3 8192 2.000000000 2
608 1064 3 8192 2.000000000 2
608 1088 3 8192 2.000000000 2
608 1176 3 8192 2.000000000 2
608 1196 3 8192 2.000000000 2
616 12 3 8192 2.000000000 2
616 144 3 8192 2.000000000 2
616 224 3 8192 2.000000000 2
616 428 3 8192 2.000000000 2
616 444 3 8192 2.000000000 2
616 1032 3 8192 2.000000000 2
616 1036 3 8192 2.000000000 2
624 116 3 8192 2.000000000 2
624 180 3 8192 2.000000000 2
624 208 3 8192 2.000000000 2
624 268 3 8192 2.000000000 2
624 560 3 8192 2.000000000 2
624 632 3 8192 2.000000000 2
624 652 3 8192 2.000000000 2
624 1028 3 8192 2.000000000 2
624 1036 3 8192 2.000000000 2
624 1100 3 8192 2.000000000 2
624 1168 3 8192 2.000000000 2
632 100 3 8192 2.000000000 2
632 184 3 8192 2.000000000 2
632 276 3 8192 2.000000000 2
632 604 3 8192 2.000000000 2
632 940 3 8192 2.000000000 2
640 300 3 8192 2.000000000 2
640 324 3 8192 2.000000000 2
640 432 3 8192 2.000000000 2
640 464 3 8192 2.000000000 2
640 552 3 8192 2.000000000 2
640 560 3 8192 2.000000000 2
640 708 3 8192 2.000000000 2
640 916 3 8192 2.000000000 2
640 1056 3 8192 2.000000000 2
640 1116 3 8192 2.000000000 2
640 1132 3 8192 2.000000000 2
644 68 3 8192 2.000000000 2
644 240 3 8192 2.000000000 2
644 296 3 8192 2.000000000 2
644 700 3 8192 2.000000000 2
644 836 3 8192 2.000000000 2
644 900 3 8192 2.000000000 2
644 1036 3 8192 2.000000000 2
652 76 3 8192 2.000000000 2
652 124 3 8192 2.000000000 2
652 132 3 8192 2.000000000 2
652 184 3 8192 2.000000000 2
652 728 3 8192 2.000000000 2
652 792 3 8192 2.000000000 2
652 808 3 8192 2.000000000 2
652 884 3 8192 2.000000000 2
652 1148 3 8192 2.000000000 2
660 204 3 8192 2.000000000 2
660 216 3 8192 2.000000000 2
660 348 3 8192 2.000000000 2
660 468 3 8192 2.000000000 2
660 508 3 8192 2.000000000 2
660 604 3 8192 2.000000000 2
660 676 3 8192 2.000000000 2
660 724 3 8192 2.000000000 2
660 964 3 8192 2.000000000 2
660 1064 3 8192 2.000000000 2
660 1088 3 8192 2.000000000 2
660 1200 3 8192 2.000000000 2
664 396 3 8192 2.000000000 2
664 464 3 8192 2.000000000 2
664 592 3 8192 2.000000000 2
664 672 3 8192 2.000000000 2
664 752 3 8192 2.000000000 2
664 1008 3 8192 2.000000000 2
664 1080 3 8192 2.000000000 2
664 1104 3 8192 2.000000000 2
664 1168 3 8192 2.000000000 2
668 20 3 8192 2.000000000 2
668 88 3 8192 2.000000000 2
668 276 3 8192 2.000000000 2
668 468 3 8192 2.000000000 2
668 508 3 8192 2.000000000 2
668 580 3 8192 2.000000000 2
668 660 3 8192 2.000000000 2
668 884 3 8192 2.000000000 2
668 928 3 8192 2.000000000 2
668 1160 3 8192 2.000000000 2
668 1240 3 8192 2.000000000 2
672 92 3 8192 2.000000000 2
672 204 3 8192 2.000000000 2
672 256 3 8192 2.000000000 2
672 392 3 8192 2.000000000 2
672 412 3 8192 2.000000000 2
672 492 3 8192 2.000000000 2
672 808 3 8192 2.000000000 2
672 820 3 8192 2.000000000 2
672 836 3 8192 2.000000000 2
672 1188 3 8192 2.000000000 2
672 1204 3 8192 2.000000000 2
676 460 3 8192 2.000000000 2
676 508 3 8192 2.000000000 2
676 792 3 8192 2.000000000 2
676 852 3 8192 2.000000000 2
676 876 3 8192 2.000000000 2
676 896 3 8192 2.000000000 2
676 1168 3 8192 2.000000000 2
684 208 3 8192 2.000000000 2
684 316 3 8192 2.000000000 2
684 516 3 8192 2.000000000 2
684 556 3 8192 2.000000000 2
684 640 3 8192 2.000000000 2
684 880 3 8192 2.000000000 2
684 948 3 8192 2.000000000 2
684 1080 3 8192 2.000000000 2
684 1276 3 8192 2.000000000 2
688 596 3 8192 2.000000000 2
688 608 3 8192 2.000000000 2
688 660 3 8192 2.000000000 2
688 676 3 8192 2.000000000 2
688 712 3 8192 2.000000000 2
688 1052 3 8192 2.000000000 2
688 1068 3 8192 2.000000000 2
692 208 3 8192 2.000000000 2
692 236 3 8192 2.000000000 2
692 432 3 8192 2.000000000 2
692 440 3 8192 2.000000000 2
692 508 3 8192 2.000000000 2
692 608 3 8192 2.000000000 2
692 676 3 8192 2.000000000 2
692 864 3 8192 2.000000000 2
696 100 3 8192 2.000000000 2
696 364 3 8192 2.000000000 2
696 456 3 8192 2.000000000 2
696 800 3 8192 2.000000000 2
696 824 3 8192 2.000000000 2
696 896 3 8192 2.000000000 2
696 1100 3 8192 2.000000000 2
700 76 3 8192 2.000000000 2
700 100 3 8192 2.000000000 2
700 228 3 8192 2.000000000 2
700 488 3 8192 2.000000000 2
700 508 3 8192 2.000000000 2
700 696 3 8192 2.000000000 2
700 884 3 8192 2.000000000 2
700 944 3 8192 2.000000000 2
700 1172 3 8192 2.000000000 2
700 1244 3 8192 2.000000000 2
700 1276 3 8192 2.000000000 2
704 280 3 8192 2.000000000 2
704 460 3 8192 2.000000000 2
704 524 3 8192 2.000000000 2
704 792 3 8192 2.000000000 2
704 860 3 8192 2.000000000 2
704 880 3 8192 2.000000000 2
704 940 3 8192 2.000000000 2
704 980 3 8192 2.000000000 2
704 1136 3 8192 2.000000000 2
704 1168 3 8192 2.000000000 2
708 548 3 8192 2.000000000 2
708 640 3 8192 2.000000000 2
708 852 3 8192 2.000000000 2
708 948 3 8192 2.000000000 2
708 1012 3 8192 2.000000000 2
708 1156 3 8192 2.000000000 2
708 1204 3 8192 2.000000000 2
708 1228 3 8192 2.000000000 2
712 320 3 8192 2.000000000 2
712 348 3 8192 2.000000000 2
712 688 3 8192 2.000000000 2
712 1008 3 8192 2.000000000 2
712 1076 3 8192 2.000000000 2
712 1104 3 8192 2.000000000 2
712 1140 3 8192 2.000000000 2
716 32 3 8192 2.000000000 2
716 256 3 8192 2.000000000 2
716 476 3 8192 2.000000000 2
716 824 3 8192 2.000000000 2
716 1032 3 8192 2.000000000 2
716 1076 3 8192 2.000000000 2
716 1240 3 8192 2.000000000 2
716 1276 3 8192 2.000000000 2
724 76 3 8192 2.000000000 2
724 180 3 8192 2.000000000 2
724 288 3 8192 2.000000000 2
724 836 3 8192 2.000000000 2
724 876 3 8192 2.000000000 2
724 1064 3 8192 2.000000000 2
724 1148 3 8192 2.000000000 2
724 1160 3 8192 2.000000000 2
728 104 3 8192 2.000000000 2
728 408 3 8192 2.000000000 2
728 592 3 8192 2.000000000 2
728 692 3 8192 2.000000000 2
728 724 3 8192 2.000000000 2
728 1160 3 8192 2.000000000 2
732 120 3 8192 2.000000000 2
732 208 3 8192 2.000000000 2
732 244 3 8192 2.000000000 2
732 496 3 8192 2.000000000 2
732 600 3 8192 2.000000000 2
732 936 3 8192 2.000000000 2
732 984 3 8192 2.000000000 2
732 1064 3 8192 2.000000000 2
732 1100 3 8192 2.000000000 2
732 1128 3 8192 2.000000000 2
732 1192 3 8192 2.000000000 2
736 184 3 8192 2.000000000 2
736 204 3 8192 2.000000000 2
736 208 3 8192 2.000000000 2
736 368 3 8192 2.000000000 2
736 384 3 8192 2.000000000 2
736 508 3 8192 2.000000000 2
736 668 3 8192 2.000000000 2
736 916 3 8192 2.000000000 2
736 940 3 8192 2.000000000 2
736 1032 3 8192 2.000000000 2
736 1080 3 8192 2.000000000 2
736 1100 3 8192 2.000000000 2
736 1156 3 8192 2.000000000 2
744 88 3 8192 2.000000000 2
744 104 3 8192 2.000000000 2
744 412 3 8192 2.000000000 2
744 468 3 8192 2.000000000 2
744 560 3 8192 2.000000000 2
744 604 3 8192 2.000000000 2
744 696 3 8192 2.000000000 2
744 840 3 8192 2.000000000 2
744 1020 3 8192 2.000000000 2
744 1148 3 8192 2.000000000 2
744 1192 3 8192 2.000000000 2
752 160 3 8192 2.000000000 2
752 208 3 8192 2.000000000 2
752 592 3 8192 2.000000000 2
752 684 3 8192 2.000000000 2
752 756 3 8192 2.000000000 2
752 860 3 8192 2.000000000 2
752 1032 3 8192 2.000000000 2
752 1084 3 8192 2.000000000 2
752 1240 3 8192 2.000000000 2
756 48 3 8192 2.000000000 2
756 260 3 8192 2.000000000 2
756 376 3 8192 2.000000000 2
756 396 3 8192 2.000000000 2
756 604 3 8192 2.000000000 2
756 820 3 8192 2.000000000 2
756 832 3 8192 2.000000000 2
756 860 3 8192 2.000000000 2
756 1220 3 8192 2.000000000 2
760 104 3 8192 2.000000000 2
760 292 3 8192 2.000000000 2
760 368 3 8192 2.000000000 2
760 480 3 8192 2.000000000 2
760 560 3 8192 2.000000000 2
760 964 3 8192 2.000000000 2
760 1128 3 8192 2.000000000 2
768 568 3 8192 2.000000000 2
768 600 3 8192 2.000000000 2
768 752 3 8192 2.000000000 2
768 888 3 8192 2.000000000 2
768 988 3 8192 2.000000000 2
780 160 3 8192 2.000000000 2
780 232 3 8192 2.000000000 2
780 264 3 8192 2.000000000 2
780 304 3 8192 2.000000000 2
780 352 3 8192 2.000000000 2
780 728 3 8192 2.000000000 2
780 824 3 8192 2.000000000 2
780 836 3 8192 2.000000000 2
780 888 3 8192 2.000000000 2
780 936 3 8192 2.000000000 2
780 988 3 8192 2.000000000 2
780 1036 3 8192 2.000000000 2
784 352 3 8192 2.000000000 2
784 368 3 8192 2.000000000 2
784 448 3 8192 2.000000000 2
784 560 3 8192 2.000000000 2
784 888 3 8192 2.000000000 2
784 1096 3 8192 2.000000000 2
784 1120 3 8192 2.000000000 2
792 220 3 8192 2.000000000 2
792 264 3 8192 2.000000000 2
792 420 3 8192 2.000000000 2
792 528 3 8192 2.000000000 2
792 712 3 8192 2.000000000 2
792 780 3 8192 2.000000000 2
792 848 3 8192 2.000000000 2
792 868 3 8192 2.000000000 2
792 888 3 8192 2.000000000 2
792 940 3 8192 2.000000000 2
792 1084 3 8192 2.000000000 2
792 1240 3 8192 2.000000000 2
796 204 3 8192 2.000000000 2
796 232 3 8192 2.000000000 2
796 344 3 8192 2.000000000 2
796 364 3 8192 2.000000000 2
796 668 3 8192 2.000000000 2
796 920 3 8192 2.000000000 2
796 988 3 8192 2.000000000 2
796 1088 3 8192 2.000000000 2
796 1136 3 8192 2.000000000 2
796 1224 3 8192 2.000000000 2
800 216 3 8192 2.000000000 2
800 292 3 8192 2.000000000 2
800 520 3 8192 2.000000000 2
800 524 3 8192 2.000000000 2
800 532 3 8192 2.000000000 2
800 1072 3 8192 2.000000000 2
800 1112 3 8192 2.000000000 2
800 1276 3 8192 2.000000000 2
804 12 3 8192 2.000000000 2
804 104 3 8192 2.000000000 2
804 240 3 8192 2.000000000 2
804 744 3 8192 2.000000000 2
804 864 3 8192 2.000000000 2
804 884 3 8192 2.000000000 2
804 1084 3 8192 2.000000000 2
804 1116 3 8192 2.000000000 2
804 1156 3 8192 2.000000000 2
808 4 3 8192 2.000000000 2
808 24 3 8192 2.000000000 2
808 428 3 8192 2.000000000 2
808 644 3 8192 2.000000000 2
808 1168 3 8192 2.000000000 2
808 1216 3 8192 2.000000000 2
808 1232 3 8192 2.000000000 2
812 52 3 8192 2.000000000 2
812 208 3 8192 2.000000000 2
812 700 3 8192 2.000000000 2
812 768 3 8192 2.000000000 2
812 892 3 8192 2.000000000 2
812 1020 3 8192 2.000000000 2
812 1256 3 8192 2.000000000 2
816 52 3 8192 2.000000000 2
816 80 3 8192 2.000000000 2
816 148 3 8192 2.000000000 2
816 480 3 8192 2.000000000 2
816 492 3 8192 2.000000000 2
816 800 3 8192 2.000000000 2
816 872 3 8192 2.000000000 2
816 1020 3 8192 2.000000000 2
816 1036 3 8192 2.000000000 2
816 1128 3 8192 2.000000000 2
820 20 3 8192 2.000000000 2
820 272 3 8192 2.000000000 2
820 324 3 8192 2.000000000 2
820 432 3 8192 2.000000000 2
820 488 3 8192 2.000000000 2
820 552 3 8192 2.000000000 2
820 580 3 8192 2.000000000 2
820 632 3 8192 2.000000000 2
820 940 3 8192 2.000000000 2
820 1116 3 8192 2.000000000 2
820 1184 3 8192 2.000000000 2
820 1276 3 8192 2.000000000 2
824 148 3 8192 2.000000000 2
824 272 3 8192 2.000000000 2
824 644 3 8192 2.000000000 2
824 1008 3 8192 2.000000000 2
824 1100 3 8192 2.000000000 2
824 1152 3 8192 2.000000000 2
832 76 3 8192 2.000000000 2
832 100 3 8192 2.000000000 2
832 120 3 8192 2.000000000 2
832 256 3 8192 2.000000000 2
832 260 3 8192 2.000000000 2
832 508 3 8192 2.000000000 2
832 572 3 8192 2.000000000 2
832 580 3 8192 2.000000000 2
832 660 3 8192 2.000000000 2
832 676 3 8192 2.000000000 2
832 724 3 8192 2.000000000 2
832 872 3 8192 2.000000000 2
832 980 3 8192 2.000000000 2
832 1020 3 8192 2.000000000 2
832 1092 3 8192 2.000000000 2
832 1136 3 8192 2.000000000 2
832 1220 3 8192 2.000000000 2
832 1224 3 8192 2.000000000 2
836 88 3 8192 2.000000000 2
836 120 3 8192 2.000000000 2
836 208 3 8192 2.000000000 2
836 408 3 8192 2.000000000 2
836 444 3 8192 2.000000000 2
836 592 3 8192 2.000000000 2
836 1060 3 8192 2.000000000 2
836 1152 3 8192 2.000000000 2
840 88 3 8192 2.000000000 2
840 132 3 8192 2.000000000 2
840 196 3 8192 2.000000000 2
840 348 3 8192 2.000000000 2
840 392 3 8192 2.000000000 2
840 464 3 8192 2.000000000 2
840 668 3 8192 2.000000000 2
840 792 3 8192 2.000000000 2
840 964 3 8192 2.000000000 2
840 1104 3 8192 2.000000000 2
848 136 3 8192 2.000000000 2
848 364 3 8192 2.000000000 2
848 420 3 8192 2.000000000 2
848 468 3 8192 2.000000000 2
848 484 3 8192 2.000000000 2
848 928 3 8192 2.000000000 2
848 1060 3 8192 2.000000000 2
848 1272 3 8192 2.000000000 2
852 40 3 8192 2.000000000 2
852 76 3 8192 2.000000000 2
852 132 3 8192 2.000000000 2
852 212 3 8192 2.000000000 2
852 472 3 8192 2.000000000 2
852 760 3 8192 2.000000000 2
852 896 3 8192 2.000000000 2
852 1156 3 8192 2.000000000 2
860 68 3 8192 2.000000000 2
860 136 3 8192 2.000000000 2
860 148 3 8192 2.000000000 2
860 548 3 8192 2.000000000 2
860 552 3 8192 2.000000000 2
860 600 3 8192 2.000000000 2
860 756 3 8192 2.000000000 2
864 512 3 8192 2.000000000 2
864 840 3 8192 2.000000000 2
864 1024 3 8192 2.000000000 2
864 1168 3 8192 2.000000000 2
868 536 3 8192 2.000000000 2
868 712 3 8192 2.000000000 2
868 996 3 8192 2.000000000 2
868 1120 3 8192 2.000000000 2
868 1140 3 8192 2.000000000 2
868 1164 3 8192 2.000000000 2
868 1188 3 8192 2.000000000 2
872 60 3 8192 2.000000000 2
872 216 3 8192 2.000000000 2
872 408 3 8192 2.000000000 2
872 464 3 8192 2.000000000 2
872 676 3 8192 2.000000000 2
872 996 3 8192 2.000000000 2
872 1028 3 8192 2.000000000 2
872 1188 3 8192 2.000000000 2
876 52 3 8192 2.000000000 2
876 180 3 8192 2.000000000 2
876 492 3 8192 2.000000000 2
876 1116 3 8192 2.000000000 2
880 220 3 8192 2.000000000 2
880 288 3 8192 2.000000000 2
880 676 3 8192 2.000000000 2
880 812 3 8192 2.000000000 2
880 1060 3 8192 2.000000000 2
880 1216 3 8192 2.000000000 2
884 364 3 8192 2.000000000 2
884 412 3 8192 2.000000000 2
884 548 3 8192 2.000000000 2
884 940 3 8192 2.000000000 2
884 1024 3 8192 2.000000000 2
884 1064 3 8192 2.000000000 2
884 1084 3 8192 2.000000000 2
884 1220 3 8192 2.000000000 2
888 272 3 8192 2.000000000 2
888 324 3 8192 2.000000000 2
888 448 3 8192 2.000000000 2
888 500 3 8192 2.000000000 2
888 1028 3 8192 2.000000000 2
888 1200 3 8192 2.000000000 2
888 1240 3 8192 2.000000000 2
892 560 3 8192 2.000000000 2
892 640 3 8192 2.000000000 2
892 784 3 8192 2.000000000 2
892 880 3 8192 2.000000000 2
892 888 3 8192 2.000000000 2
892 1240 3 8192 2.000000000 2
896 208 3 8192 2.000000000 2
896 216 3 8192 2.000000000 2
896 220 3 8192 2.000000000 2
896 556 3 8192 2.000000000 2
896 1088 3 8192 2.000000000 2
896 1104 3 8192 2.000000000 2
896 1112 3 8192 2.000000000 2
896 1116 3 8192 2.000000000 2
896 1240 3 8192 2.000000000 2
900 204 3 8192 2.000000000 2
900 488 3 8192 2.000000000 2
900 524 3 8192 2.000000000 2
900 556 3 8192 2.000000000 2
900 596 3 8192 2.000000000 2
900 664 3 8192 2.000000000 2
900 692 3 8192 2.000000000 2
900 840 3 8192 2.000000000 2
904 68 3 8192 2.000000000 2
904 116 3 8192 2.000000000 2
904 296 3 8192 2.000000000 2
904 312 3 8192 2.000000000 2
904 600 3 8192 2.000000000 2
904 860 3 8192 2.000000000 2
904 936 3 8192 2.000000000 2
904 1068 3 8192 2.000000000 2
904 1168 3 8192 2.000000000 2
912 68 3 8192 2.000000000 2
912 424 3 8192 2.000000000 2
912 440 3 8192 2.000000000 2
912 476 3 8192 2.000000000 2
912 528 3 8192 2.000000000 2
912 832 3 8192 2.000000000 2
912 876 3 8192 2.000000000 2
912 916 3 8192 2.000000000 2
912 996 3 8192 2.000000000 2
916 256 3 8192 2.000000000 2
916 592 3 8192 2.000000000 2
916 1004 3 8192 2.000000000 2
916 1068 3 8192 2.000000000 2
920 512 3 8192 2.000000000 2
920 552 3 8192 2.000000000 2
920 644 3 8192 2.000000000 2
920 728 3 8192 2.000000000 2
920 784 3 8192 2.000000000 2
920 820 3 8192 2.000000000 2
920 868 3 8192 2.000000000 2
920 888 3 8192 2.000000000 2
920 936 3 8192 2.000000000 2
920 1092 3 8192 2.000000000 2
920 1256 3 8192 2.000000000 2
920 1272 3 8192 2.000000000 2
928 4 3 8192 2.000000000 2
928 292 3 8192 2.000000000 2
928 448 3 8192 2.000000000 2
928 460 3 8192 2.000000000 2
928 588 3 8192 2.000000000 2
928 700 3 8192 2.000000000 2
928 896 3 8192 2.000000000 2
928 1152 3 8192 2.000000000 2
936 244 3 8192 2.000000000 2
936 472 3 8192 2.000000000 2
936 544 3 8192 2.000000000 2
936 548 3 8192 2.000000000 2
936 592 3 8192 2.000000000 2
936 660 3 8192 2.000000000 2
936 684 3 8192 2.000000000 2
936 784 3 8192 2.000000000 2
936 876 3 8192 2.000000000 2
936 896 3 8192 2.000000000 2
936 1012 3 8192 2.000000000 2
936 1064 3 8192 2.000000000 2
936 1112 3 8192 2.000000000 2
940 60 3 8192 2.000000000 2
940 72 3 8192 2.000000000 2
940 144 3 8192 2.000000000 2
940 212 3 8192 2.000000000 2
940 268 3 8192 2.000000000 2
940 292 3 8192 2.000000000 2
940 304 3 8192 2.000000000 2
940 696 3 8192 2.000000000 2
940 804 3 8192 2.000000000 2
940 868 3 8192 2.000000000 2
940 1056 3 8192 2.000000000 2
940 1148 3 8192 2.000000000 2
944 44 3 8192 2.000000000 2
944 72 3 8192 2.000000000 2
944 80 3 8192 2.000000000 2
944 236 3 8192 2.000000000 2
944 300 3 8192 2.000000000 2
944 348 3 8192 2.000000000 2
944 408 3 8192 2.000000000 2
944 468 3 8192 2.000000000 2
944 560 3 8192 2.000000000 2
944 580 3 8192 2.000000000 2
944 684 3 8192 2.000000000 2
944 940 3 8192 2.000000000 2
948 132 3 8192 2.000000000 2
948 236 3 8192 2.000000000 2
948 276 3 8192 2.000000000 2
948 328 3 8192 2.000000000 2
948 676 3 8192 2.000000000 2
948 988 3 8192 2.000000000 2
948 1012 3 8192 2.000000000 2
960 264 3 8192 2.000000000 2
960 368 3 8192 2.000000000 2
960 544 3 8192 2.000000000 2
960 596 3 8192 2.000000000 2
960 816 3 8192 2.000000000 2
960 868 3 8192 2.000000000 2
960 904 3 8192 2.000000000 2
960 1096 3 8192 2.000000000 2
960 1156 3 8192 2.000000000 2
964 288 3 8192 2.000000000 2
964 304 3 8192 2.000000000 2
964 516 3 8192 2.000000000 2
964 532 3 8192 2.000000000 2
964 536 3 8192 2.000000000 2
964 544 3 8192 2.000000000 2
964 712 3 8192 2.000000000 2
964 744 3 8192 2.000000000 2
964 968 3 8192 2.000000000 2
964 980 3 8192 2.000000000 2
964 1012 3 8192 2.000000000 2
964 1228 3 8192 2.000000000 2
968 88 3 8192 2.000000000 2
968 132 3 8192 2.000000000 2
968 304 3 8192 2.000000000 2
968 460 3 8192 2.000000000 2
968 1220 3 8192 2.000000000 2
968 1244 3 8192 2.000000000 2
972 8 3 8192 2.000000000 2
972 228 3 8192 2.000000000 2
972 236 3 8192 2.000000000 2
972 316 3 8192 2.000000000 2
972 704 3 8192 2.000000000 2
972 872 3 8192 2.000000000 2
980 124 3 8192 2.000000000 2
980 232 3 8192 2.000000000 2
980 312 3 8192 2.000000000 2
980 376 3 8192 2.000000000 2
980 384 3 8192 2.000000000 2
980 392 3 8192 2.000000000 2
980 704 3 8192 2.000000000 2
980 728 3 8192 2.000000000 2
980 736 3 8192 2.000000000 2
980 804 3 8192 2.000000000 2
980 896 3 8192 2.000000000 2
980 944 3 8192 2.000000000 2
980 1056 3 8192 2.000000000 2
980 1096 3 8192 2.000000000 2
980 1272 3 8192 2.000000000 2
984 4 3 8192 2.000000000 2
984 196 3 8192 2.000000000 2
984 216 3 8192 2.000000000 2
984 348 3 8192 2.000000000 2
984 624 3 8192 2.000000000 2
984 652 3 8192 2.000000000 2
984 660 3 8192 2.000000000 2
984 708 3 8192 2.000000000 2
984 752 3 8192 2.000000000 2
984 916 3 8192 2.000000000 2
984 996 3 8192 2.000000000 2
984 1012 3 8192 2.000000000 2
984 1224 3 8192 2.000000000 2
984 1276 3 8192 2.000000000 2
988 44 3 8192 2.000000000 2
988 180 3 8192 2.000000000 2
988 216 3 8192 2.000000000 2
988 268 3 8192 2.000000000 2
988 364 3 8192 2.000000000 2
988 428 3 8192 2.000000000 2
988 812 3 8192 2.000000000 2
988 936 3 8192 2.000000000 2
988 1120 3 8192 2.000000000 2
988 1252 3 8192 2.000000000 2
996 240 3 8192 2.000000000 2
996 292 3 8192 2.000000000 2
996 304 3 8192 2.000000000 2
996 368 3 8192 2.000000000 2
996 432 3 8192 2.000000000 2
996 724 3 8192 2.000000000 2
996 1228 3 8192 2.000000000 2
1004 180 3 8192 2.000000000 2
1004 200 3 8192 2.000000000 2
1004 240 3 8192 2.000000000 2
1004 256 3 8192 2.000000000 2
1004 268 3 8192 2.000000000 2
1004 376 3 8192 2.000000000 2
1004 456 3 8192 2.000000000 2
1004 504 3 8192 2.000000000 2
1004 508 3 8192 2.000000000 2
1004 960 3 8192 2.000000000 2
1004 1236 3 8192 2.000000000 2
1008 32 3 8192 2.000000000 2
1008 300 3 8192 2.000000000 2
1008 408 3 8192 2.000000000 2
1008 412 3 8192 2.000000000 2
1008 524 3 8192 2.000000000 2
1008 724 3 8192 2.000000000 2
1008 1096 3 8192 2.000000000 2
1012 88 3 8192 2.000000000 2
1012 184 3 8192 2.000000000 2
1012 196 3 8192 2.000000000 2
1012 228 3 8192 2.000000000 2
1012 300 3 8192 2.000000000 2
1012 476 3 8192 2.000000000 2
1012 836 3 8192 2.000000000 2
1012 912 3 8192 2.000000000 2
1012 1204 3 8192 2.000000000 2
1012 1260 3 8192 2.000000000 2
1020 228 3 8192 2.000000000 2
1020 252 3 8192 2.000000000 2
1020 292 3 8192 2.000000000 2
1020 864 3 8192 2.000000000 2
1020 1056 3 8192 2.000000000 2
1020 1232 3 8192 2.000000000 2
1024 200 3 8192 2.000000000 2
1024 300 3 8192 2.000000000 2
1024 532 3 8192 2.000000000 2
1024 744 3 8192 2.000000000 2
1024 872 3 8192 2.000000000 2
1024 904 3 8192 2.000000000 2
1024 1076 3 8192 2.000000000 2
1024 1104 3 8192 2.000000000 2
1024 1212 3 8192 2.000000000 2
1028 16 3 8192 2.000000000 2
1028 32 3 8192 2.000000000 2
1028 64 3 8192 2.000000000 2
1028 232 3 8192 2.000000000 2
1028 256 3 8192 2.000000000 2
1028 260 3 8192 2.000000000 2
1028 812 3 8192 2.000000000 2
1028 904 3 8192 2.000000000 2
1028 1032 3 8192 2.000000000 2
1028 1228 3 8192 2.000000000 2
1032 32 3 8192 2.000000000 2
1032 228 3 8192 2.000000000 2
1032 328 3 8192 2.000000000 2
1032 516 3 8192 2.000000000 2
1032 592 3 8192 2.000000000 2
1032 948 3 8192 2.000000000 2
1032 988 3 8192 2.000000000 2
1032 1192 3 8192 2.000000000 2
1032 1276 3 8192 2.000000000 2
1036 136 3 8192 2.000000000 2
1036 468 3 8192 2.000000000 2
1036 504 3 8192 2.000000000 2
1036 804 3 8192 2.000000000 2
1036 1112 3 8192 2.000000000 2
1036 1148 3 8192 2.000000000 2
1036 1252 3 8192 2.000000000 2
1036 1256 3 8192 2.000000000 2
1048 96 3 8192 2.000000000 2
1048 120 3 8192 2.000000000 2
1048 268 3 8192 2.000000000 2
1048 320 3 8192 2.000000000 2
1048 532 3 8192 2.000000000 2
1048 604 3 8192 2.000000000 2
1048 756 3 8192 2.000000000 2
1048 928 3 8192 2.000000000 2
1048 1112 3 8192 2.000000000 2
1048 1152 3 8192 2.000000000 2
1052 84 3 8192 2.000000000 2
1052 196 3 8192 2.000000000 2
1052 344 3 8192 2.000000000 2
1052 544 3 8192 2.000000000 2
1052 1032 3 8192 2.000000000 2
1052 1132 3 8192 2.000000000 2
1052 1220 3 8192 2.000000000 2
1056 44 3 8192 2.000000000 2
1056 152 3 8192 2.000000000 2
1056 280 3 8192 2.000000000 2
1056 728 3 8192 2.000000000 2
1056 824 3 8192 2.000000000 2
1056 864 3 8192 2.000000000 2
1056 1224 3 8192 2.000000000 2
1060 220 3 8192 2.000000000 2
1060 304 3 8192 2.000000000 2
1060 384 3 8192 2.000000000 2
1060 684 3 8192 2.000000000 2
1060 840 3 8192 2.000000000 2
1060 892 3 8192 2.000000000 2
1060 1004 3 8192 2.000000000 2
1064 44 3 8192 2.000000000 2
1064 164 3 8192 2.000000000 2
1064 204 3 8192 2.000000000 2
1064 256 3 8192 2.000000000 2
1064 408 3 8192 2.000000000 2
1064 464 3 8192 2.000000000 2
1064 480 3 8192 2.000000000 2
1064 488 3 8192 2.000000000 2
1064 792 3 8192 2.000000000 2
1064 896 3 8192 2.000000000 2
1064 1092 3 8192 2.000000000 2
1068 48 3 8192 2.000000000 2
1068 328 3 8192 2.000000000 2
1068 448 3 8192 2.000000000 2
1068 652 3 8192 2.000000000 2
1068 676 3 8192 2.000000000 2
1068 868 3 8192 2.000000000 2
1068 900 3 8192 2.000000000 2
1072 104 3 8192 2.000000000 2
1072 568 3 8192 2.000000000 2
1072 592 3 8192 2.000000000 2
1072 832 3 8192 2.000000000 2
1072 896 3 8192 2.000000000 2
1072 968 3 8192 2.000000000 2
1076 64 3 8192 2.000000000 2
1076 240 3 8192 2.000000000 2
1076 500 3 8192 2.000000000 2
1076 588 3 8192 2.000000000 2
1076 704 3 8192 2.000000000 2
1076 780 3 8192 2.000000000 2
1076 888 3 8192 2.000000000 2
1076 896 3 8192 2.000000000 2
1076 1012 3 8192 2.000000000 2
1076 1100 3 8192 2.000000000 2
1076 1240 3 8192 2.000000000 2
1080 92 3 8192 2.000000000 2
1080 156 3 8192 2.000000000 2
1080 196 3 8192 2.000000000 2
1080 364 3 8192 2.000000000 2
1080 716 3 8192 2.000000000 2
1080 1172 3 8192 2.000000000 2
1084 16 3 8192 2.000000000 2
1084 132 3 8192 2.000000000 2
1084 136 3 8192 2.000000000 2
1084 244 3 8192 2.000000000 2
1084 300 3 8192 2.000000000 2
1084 368 3 8192 2.000000000 2
1084 504 3 8192 2.000000000 2
1084 560 3 8192 2.000000000 2
1084 664 3 8192 2.000000000 2
1084 936 3 8192 2.000000000 2
1084 1212 3 8192 2.000000000 2
1084 1216 3 8192 2.000000000 2
1088 16 3 8192 2.000000000 2
1088 148 3 8192 2.000000000 2
1088 180 3 8192 2.000000000 2
1088 716 3 8192 2.000000000 2
1088 972 3 8192 2.000000000 2
1092 20 3 8192 2.000000000 2
1092 48 3 8192 2.000000000 2
1092 160 3 8192 2.000000000 2
1092 288 3 8192 2.000000000 2
1092 700 3 8192 2.000000000 2
1092 916 3 8192 2.000000000 2
1092 1052 3 8192 2.000000000 2
1092 1100 3 8192 2.000000000 2
1096 208 3 8192 2.000000000 2
1096 272 3 8192 2.000000000 2
1096 412 3 8192 2.000000000 2
1096 464 3 8192 2.000000000 2
1096 524 3 8192 2.000000000 2
1096 616 3 8192 2.000000000 2
1096 676 3 8192 2.000000000 2
1096 688 3 8192 2.000000000 2
1096 760 3 8192 2.000000000 2
1096 972 3 8192 2.000000000 2
1096 1020 3 8192 2.000000000 2
1096 1236 3 8192 2.000000000 2
1096 1264 3 8192 2.000000000 2
1100 316 3 8192 2.000000000 2
1100 384 3 8192 2.000000000 2
1100 480 3 8192 2.000000000 2
1100 592 3 8192 2.000000000 2
1100 640 3 8192 2.000000000 2
1100 688 3 8192 2.000000000 2
1100 760 3 8192 2.000000000 2
1100 840 3 8192 2.000000000 2
1100 864 3 8192 2.000000000 2
1100 1116 3 8192 2.000000000 2
1104 152 3 8192 2.000000000 2
1104 220 3 8192 2.000000000 2
1104 244 3 8192 2.000000000 2
1104 396 3 8192 2.000000000 2
1104 520 3 8192 2.000000000 2
1104 548 3 8192 2.000000000 2
1104 552 3 8192 2.000000000 2
1104 732 3 8192 2.000000000 2
1104 796 3 8192 2.000000000 2
1104 808 3 8192 2.000000000 2
1104 984 3 8192 2.000000000 2
1112 20 3 8192 2.000000000 2
1112 72 3 8192 2.000000000 2
1112 84 3 8192 2.000000000 2
1112 324 3 8192 2.000000000 2
1112 344 3 8192 2.000000000 2
1112 440 3 8192 2.000000000 2
1112 508 3 8192 2.000000000 2
1112 512 3 8192 2.000000000 2
1112 692 3 8192 2.000000000 2
1112 852 3 8192 2.000000000 2
1112 904 3 8192 2.000000000 2
1112 948 3 8192 2.000000000 2
1116 64 3 8192 2.000000000 2
1116 208 3 8192 2.000000000 2
1116 224 3 8192 2.000000000 2
1116 424 3 8192 2.000000000 2
1116 516 3 8192 2.000000000 2
1116 876 3 8192 2.000000000 2
1116 904 3 8192 2.000000000 2
1116 944 3 8192 2.000000000 2
1116 1176 3 8192 2.000000000 2
1116 1224 3 8192 2.000000000 2
1120 4 3 8192 2.000000000 2
1120 52 3 8192 2.000000000 2
1120 88 3 8192 2.000000000 2
1120 236 3 8192 2.000000000 2
1120 448 3 8192 2.000000000 2
1120 492 3 8192 2.000000000 2
1120 796 3 8192 2.000000000 2
1120 1032 3 8192 2.000000000 2
1120 1128 3 8192 2.000000000 2
1120 1152 3 8192 2.000000000 2
1120 1232 3 8192 2.000000000 2
1128 236 3 8192 2.000000000 2
1128 252 3 8192 2.000000000 2
1128 496 3 8192 2.000000000 2
1128 608 3 8192 2.000000000 2
1128 760 3 8192 2.000000000 2
1128 1092 3 8192 2.000000000 2
1128 1140 3 8192 2.000000000 2
1128 1272 3 8192 2.000000000 2
1132 32 3 8192 2.000000000 2
1132 216 3 8192 2.000000000 2
1132 232 3 8192 2.000000000 2
1132 448 3 8192 2.000000000 2
1132 524 3 8192 2.000000000 2
1132 604 3 8192 2.000000000 2
1132 824 3 8192 2.000000000 2
1132 1220 3 8192 2.000000000 2
1132 1228 3 8192 2.000000000 2
1132 1276 3 8192 2.000000000 2
1136 40 3 8192 2.000000000 2
1136 136 3 8192 2.000000000 2
1136 180 3 8192 2.000000000 2
1136 184 3 8192 2.000000000 2
1136 252 3 8192 2.000000000 2
1136 464 3 8192 2.000000000 2
1136 468 3 8192 2.000000000 2
1136 568 3 8192 2.000000000 2
1136 716 3 8192 2.000000000 2
1136 840 3 8192 2.000000000 2
1136 888 3 8192 2.000000000 2
1136 936 3 8192 2.000000000 2
1136 1068 3 8192 2.000000000 2
1136 1084 3 8192 2.000000000 2
1136 1148 3 8192 2.000000000 2
1136 1168 3 8192 2.000000000 2
1136 1264 3 8192 2.000000000 2
1140 64 3 8192 2.000000000 2
1140 204 3 8192 2.000000000 2
1140 212 3 8192 2.000000000 2
1140 264 3 8192 2.000000000 2
1140 268 3 8192 2.000000000 2
1140 292 3 8192 2.000000000 2
1140 676 3 8192 2.000000000 2
1140 712 3 8192 2.000000000 2
1140 840 3 8192 2.000000000 2
1140 1056 3 8192 2.000000000 2
1140 1076 3 8192 2.000000000 2
1140 1092 3 8192 2.000000000 2
1140 1168 3 8192 2.000000000 2
1148 24 3 8192 2.000000000 2
1148 148 3 8192 2.000000000 2
1148 212 3 8192 2.000000000 2
1148 728 3 8192 2.000000000 2
1148 760 3 8192 2.000000000 2
1148 784 3 8192 2.000000000 2
1148 996 3 8192 2.000000000 2
1148 1080 3 8192 2.000000000 2
1148 1092 3 8192 2.000000000 2
1148 1140 3 8192 2.000000000 2
1148 1184 3 8192 2.000000000 2
1148 1276 3 8192 2.000000000 2
1152 96 3 8192 2.000000000 2
1152 100 3 8192 2.000000000 2
1152 120 3 8192 2.000000000 2
1152 256 3 8192 2.000000000 2
1152 296 3 8192 2.000000000 2
1152 608 3 8192 2.000000000 2
1152 696 3 8192 2.000000000 2
1152 968 3 8192 2.000000000 2
1152 1216 3 8192 2.000000000 2
1156 144 3 8192 2.000000000 2
1156 160 3 8192 2.000000000 2
1156 456 3 8192 2.000000000 2
1156 604 3 8192 2.000000000 2
1156 708 3 8192 2.000000000 2
1156 968 3 8192 2.000000000 2
1156 1004 3 8192 2.000000000 2
1156 1024 3 8192 2.000000000 2
1160 240 3 8192 2.000000000 2
1160 520 3 8192 2.000000000 2
1160 536 3 8192 2.000000000 2
1160 596 3 8192 2.000000000 2
1160 728 3 8192 2.000000000 2
1160 984 3 8192 2.000000000 2
1160 1076 3 8192 2.000000000 2
1160 1220 3 8192 2.000000000 2
1160 1256 3 8192 2.000000000 2
1164 8 3 8192 2.000000000 2
1164 12 3 8192 2.000000000 2
1164 120 3 8192 2.000000000 2
1164 260 3 8192 2.000000000 2
1164 420 3 8192 2.000000000 2
1164 480 3 8192 2.000000000 2
1164 800 3 8192 2.000000000 2
1164 888 3 8192 2.000000000 2
1164 1068 3 8192 2.000000000 2
1164 1160 3 8192 2.000000000 2
1164 1192 3 8192 2.000000000 2
1168 164 3 8192 2.000000000 2
1168 236 3 8192 2.000000000 2
1168 272 3 8192 2.000000000 2
1168 276 3 8192 2.000000000 2
1168 408 3 8192 2.000000000 2
1168 580 3 8192 2.000000000 2
1168 632 3 8192 2.000000000 2
1168 724 3 8192 2.000000000 2
1168 756 3 8192 2.000000000 2
1168 848 3 8192 2.000000000 2
1168 912 3 8192 2.000000000 2
1168 1172 3 8192 2.000000000 2
1168 1240 3 8192 2.000000000 2
1172 80 3 8192 2.000000000 2
1172 232 3 8192 2.000000000 2
1172 348 3 8192 2.000000000 2
1172 408 3 8192 2.000000000 2
1172 496 3 8192 2.000000000 2
1172 588 3 8192 2.000000000 2
1172 684 3 8192 2.000000000 2
1172 804 3 8192 2.000000000 2
1172 812 3 8192 2.000000000 2
1172 996 3 8192 2.000000000 2
1172 1168 3 8192 2.000000000 2
1172 1220 3 8192 2.000000000 2
1176 144 3 8192 2.000000000 2
1176 212 3 8192 2.000000000 2
1176 520 3 8192 2.000000000 2
1176 808 3 8192 2.000000000 2
1176 904 3 8192 2.000000000 2
1176 940 3 8192 2.000000000 2
1176 1032 3 8192 2.000000000 2
1176 1080 3 8192 2.000000000 2
1176 1164 3 8192 2.000000000 2
1176 1252 3 8192 2.000000000 2
1176 1260 3 8192 2.000000000 2
1184 424 3 8192 2.000000000 2
1184 528 3 8192 2.000000000 2
1184 616 3 8192 2.000000000 2
1184 728 3 8192 2.000000000 2
1184 848 3 8192 2.000000000 2
1184 916 3 8192 2.000000000 2
1184 1036 3 8192 2.000000000 2
1188 216 3 8192 2.000000000 2
1188 516 3 8192 2.000000000 2
1188 640 3 8192 2.000000000 2
1188 768 3 8192 2.000000000 2
1188 780 3 8192 2.000000000 2
1188 1156 3 8192 2.000000000 2
1192 232 3 8192 2.000000000 2
1192 868 3 8192 2.000000000 2
1192 1100 3 8192 2.000000000 2
1192 1116 3 8192 2.000000000 2
1192 1152 3 8192 2.000000000 2
1192 1224 3 8192 2.000000000 2
1196 40 3 8192 2.000000000 2
1196 80 3 8192 2.000000000 2
1196 236 3 8192 2.000000000 2
1196 524 3 8192 2.000000000 2
1196 544 3 8192 2.000000000 2
1196 588 3 8192 2.000000000 2
1196 920 3 8192 2.000000000 2
1196 1080 3 8192 2.000000000 2
1196 1084 3 8192 2.000000000 2
1200 704 3 8192 2.000000000 2
1200 824 3 8192 2.000000000 2
1200 832 3 8192 2.000000000 2
1200 852 3 8192 2.000000000 2
1200 1068 3 8192 2.000000000 2
1204 232 3 8192 2.000000000 2
1204 520 3 8192 2.000000000 2
1204 1160 3 8192 2.000000000 2
1212 208 3 8192 2.000000000 2
1212 256 3 8192 2.000000000 2
1212 360 3 8192 2.000000000 2
1212 384 3 8192 2.000000000 2
1212 392 3 8192 2.000000000 2
1212 476 3 8192 2.000000000 2
1212 560 3 8192 2.000000000 2
1212 948 3 8192 2.000000000 2
1212 996 3 8192 2.000000000 2
1212 1004 3 8192 2.000000000 2
1212 1112 3 8192 2.000000000 2
1216 48 3 8192 2.000000000 2
1216 144 3 8192 2.000000000 2
1216 212 3 8192 2.000000000 2
1216 652 3 8192 2.000000000 2
1216 744 3 8192 2.000000000 2
1216 948 3 8192 2.000000000 2
1216 1032 3 8192 2.000000000 2
1216 1096 3 8192 2.000000000 2
1216 1104 3 8192 2.000000000 2
1216 1244 3 8192 2.000000000 2
1216 1264 3 8192 2.000000000 2
1220 220 3 8192 2.000000000 2
1220 240 3 8192 2.000000000 2
1220 472 3 8192 2.000000000 2
1220 900 3 8192 2.000000000 2
1220 1028 3 8192 2.000000000 2
1220 1056 3 8192 2.000000000 2
1220 1072 3 8192 2.000000000 2
1220 1092 3 8192 2.000000000 2
1220 1232 3 8192 2.000000000 2
1224 32 3 8192 2.000000000 2
1224 76 3 8192 2.000000000 2
1224 80 3 8192 2.000000000 2
1224 180 3 8192 2.000000000 2
1224 264 3 8192 2.000000000 2
1224 348 3 8192 2.000000000 2
1224 896 3 8192 2.000000000 2
1224 1064 3 8192 2.000000000 2
1224 1188 3 8192 2.000000000 2
1228 8 3 8192 2.000000000 2
1228 76 3 8192 2.000000000 2
1228 108 3 8192 2.000000000 2
1228 492 3 8192 2.000000000 2
1228 560 3 8192 2.000000000 2
1228 572 3 8192 2.000000000 2
1228 804 3 8192 2.000000000 2
1228 836 3 8192 2.000000000 2
1228 1048 3 8192 2.000000000 2
1228 1060 3 8192 2.000000000 2
1232 60 3 8192 2.000000000 2
1232 208 3 8192 2.000000000 2
1232 260 3 8192 2.000000000 2
1232 304 3 8192 2.000000000 2
1232 696 3 8192 2.000000000 2
1232 792 3 8192 2.000000000 2
1232 1236 3 8192 2.000000000 2
1236 320 3 8192 2.000000000 2
1236 460 3 8192 2.000000000 2
1236 1028 3 8192 2.000000000 2
1240 80 3 8192 2.000000000 2
1240 236 3 8192 2.000000000 2
1240 312 3 8192 2.000000000 2
1240 524 3 8192 2.000000000 2
1240 700 3 8192 2.000000000 2
1240 936 3 8192 2.000000000 2
1240 1136 3 8192 2.000000000 2
1240 1224 3 8192 2.000000000 2
1244 132 3 8192 2.000000000 2
1244 320 3 8192 2.000000000 2
1244 528 3 8192 2.000000000 2
1244 896 3 8192 2.000000000 2
1244 1004 3 8192 2.000000000 2
1244 1116 3 8192 2.000000000 2
1252 172 3 8192 2.000000000 2
1252 200 3 8192 2.000000000 2
1252 376 3 8192 2.000000000 2
1252 396 3 8192 2.000000000 2
1252 468 3 8192 2.000000000 2
1252 544 3 8192 2.000000000 2
1252 672 3 8192 2.000000000 2
1252 780 3 8192 2.000000000 2
1252 816 3 8192 2.000000000 2
1252 1032 3 8192 2.000000000 2
1256 136 3 8192 2.000000000 2
1256 448 3 8192 2.000000000 2
1256 472 3 8192 2.000000000 2
1256 484 3 8192 2.000000000 2
1256 536 3 8192 2.000000000 2
1256 560 3 8192 2.000000000 2
1256 1120 3 8192 2.000000000 2
1256 1196 3 8192 2.000000000 2
1256 1216 3 8192 2.000000000 2
1260 160 3 8192 2.000000000 2
1260 264 3 8192 2.000000000 2
1260 324 3 8192 2.000000000 2
1260 344 3 8192 2.000000000 2
1260 352 3 8192 2.000000000 2
1260 596 3 8192 2.000000000 2
1260 644 3 8192 2.000000000 2
1260 1028 3 8192 2.000000000 2
1260 1196 3 8192 2.000000000 2
1264 152 3 8192 2.000000000 2
1264 396 3 8192 2.000000000 2
1264 500 3 8192 2.000000000 2
1264 596 3 8192 2.000000000 2
1264 1004 3 8192 2.000000000 2
1264 1216 3 8192 2.000000000 2
1272 224 3 8192 2.000000000 2
1272 228 3 8192 2.000000000 2
1272 440 3 8192 2.000000000 2
1272 460 3 8192 2.000000000 2
1272 732 3 8192 2.000000000 2
1272 852 3 8192 2.000000000 2
1272 936 3 8192 2.000000000 2
1272 1052 3 8192 2.000000000 2
1272 1060 3 8192 2.000000000 2
1276 80 3 8192 2.000000000 2
1276 300 3 8192 2.000000000 2
1276 392 3 8192 2.000000000 2
1276 492 3 8192 2.000000000 2
1276 848 3 8192 2.000000000 2
1276 928 3 8192 2.000000000 2
1276 960 3 8192 2.000000000 2
1276 996 3 8192 2.000000000 2
