2306
648 772 3 8388608 2.000000000 1
620 56 3 8388608 2.000000000 1
0 8 3 8192 2.000000000 2
0 52 3 8192 2.000000000 2
0 272 3 8192 2.000000000 2
0 524 3 8192 2.000000000 2
0 700 3 8192 2.000000000 2
0 760 3 8192 2.000000000 2
0 812 3 8192 2.000000000 2
0 900 3 8192 2.000000000 2
0 912 3 8192 2.000000000 2
0 920 3 8192 2.000000000 2
0 1028 3 8192 2.000000000 2
0 1232 3 8192 2.000000000 2
0 1236 3 8192 2.000000000 2
4 220 3 8192 2.000000000 2
4 260 3 8192 2.000000000 2
4 464 3 8192 2.000000000 2
4 476 3 8192 2.000000000 2
4 676 3 8192 2.000000000 2
4 812 3 8192 2.000000000 2
4 912 3 8192 2.000000000 2
4 1168 3 8192 2.000000000 2
4 1176 3 8192 2.000000000 2
8 48 3 8192 2.000000000 2
8 96 3 8192 2.000000000 2
8 132 3 8192 2.000000000 2
8 420 3 8192 2.000000000 2
8 592 3 8192 2.000000000 2
8 728 3 8192 2.000000000 2
8 884 3 8192 2.000000000 2
8 972 3 8192 2.000000000 2
8 1200 3 8192 2.000000000 2
8 1264 3 8192 2.000000000 2
12 212 3 8192 2.000000000 2
12 464 3 8192 2.000000000 2
12 596 3 8192 2.000000000 2
12 1188 3 8192 2.000000000 2
12 1224 3 8192 2.000000000 2
16 136 3 8192 2.000000000 2
16 152 3 8192 2.000000000 2
16 236 3 8192 2.000000000 2
16 244 3 8192 2.000000000 2
16 368 3 8192 2.000000000 2
16 868 3 8192 2.000000000 2
16 896 3 8192 2.000000000 2
16 1052 3 8192 2.000000000 2
20 12 3 8192 2.000000000 2
20 16 3 8192 2.000000000 2
20 364 3 8192 2.000000000 2
20 456 3 8192 2.000000000 2
20 524 3 8192 2.000000000 2
20 592 3 8192 2.000000000 2
20 704 3 8192 2.000000000 2
20 1136 3 8192 2.000000000 2
24 100 3 8192 2.000000000 2
24 104 3 8192 2.000000000 2
24 196 3 8192 2.000000000 2
24 292 3 8192 2.000000000 2
24 444 3 8192 2.000000000 2
24 492 3 8192 2.000000000 2
24 640 3 8192 2.000000000 2
24 708 3 8192 2.000000000 2
24 780 3 8192 2.000000000 2
24 820 3 8192 2.000000000 2
32 184 3 8192 2.000000000 2
32 196 3 8192 2.000000000 2
32 264 3 8192 2.000000000 2
32 556 3 8192 2.000000000 2
32 816 3 8192 2.000000000 2
32 1184 3 8192 2.000000000 2
32 1256 3 8192 2.000000000 2
40 48 3 8192 2.000000000 2
40 384 3 8192 2.000000000 2
40 392 3 8192 2.000000000 2
40 516 3 8192 2.000000000 2
40 812 3 8192 2.000000000 2
40 872 3 8192 2.000000000 2
40 1088 3 8192 2.000000000 2
44 144 3 8192 2.000000000 2
44 468 3 8192 2.000000000 2
44 484 3 8192 2.000000000 2
44 488 3 8192 2.000000000 2
44 684 3 8192 2.000000000 2
44 692 3 8192 2.000000000 2
44 804 3 8192 2.000000000 2
44 812 3 8192 2.000000000 2
44 1048 3 8192 2.000000000 2
44 1224 3 8192 2.000000000 2
48 104 3 8192 2.000000000 2
48 132 3 8192 2.000000000 2
48 460 3 8192 2.000000000 2
48 560 3 8192 2.000000000 2
48 836 3 8192 2.000000000 2
48 1140 3 8192 2.000000000 2
48 1184 3 8192 2.000000000 2
48 1264 3 8192 2.000000000 2
52 276 3 8192 2.000000000 2
52 304 3 8192 2.000000000 2
52 312 3 8192 2.000000000 2
52 688 3 8192 2.000000000 2
52 716 3 8192 2.000000000 2
52 1012 3 8192 2.000000000 2
52 1112 3 8192 2.000000000 2
60 8 3 8192 2.000000000 2
60 12 3 8192 2.000000000 2
60 428 3 8192 2.000000000 2
60 468 3 8192 2.000000000 2
60 548 3 8192 2.000000000 2
60 732 3 8192 2.000000000 2
60 780 3 8192 2.000000000 2
60 784 3 8192 2.000000000 2
64 84 3 8192 2.000000000 2
64 92 3 8192 2.000000000 2
64 124 3 8192 2.000000000 2
64 132 3 8192 2.000000000 2
64 172 3 8192 2.000000000 2
64 364 3 8192 2.000000000 2
64 496 3 8192 2.000000000 2
64 500 3 8192 2.000000000 2
64 556 3 8192 2.000000000 2
64 672 3 8192 2.000000000 2
64 824 3 8192 2.000000000 2
64 1172 3 8192 2.000000000 2
64 1272 3 8192 2.000000000 2
68 64 3 8192 2.000000000 2
68 92 3 8192 2.000000000 2
68 124 3 8192 2.000000000 2
68 236 3 8192 2.000000000 2
68 256 3 8192 2.000000000 2
68 328 3 8192 2.000000000 2
68 480 3 8192 2.000000000 2
68 504 3 8192 2.000000000 2
68 592 3 8192 2.000000000 2
68 696 3 8192 2.000000000 2
68 736 3 8192 2.000000000 2
68 796 3 8192 2.000000000 2
68 1220 3 8192 2.000000000 2
68 1244 3 8192 2.000000000 2
72 80 3 8192 2.000000000 2
72 164 3 8192 2.000000000 2
72 460 3 8192 2.000000000 2
72 712 3 8192 2.000000000 2
72 760 3 8192 2.000000000 2
72 936 3 8192 2.000000000 2
72 1024 3 8192 2.000000000 2
72 1128 3 8192 2.000000000 2
76 8 3 8192 2.000000000 2
76 72 3 8192 2.000000000 2
76 644 3 8192 2.000000000 2
76 700 3 8192 2.000000000 2
76 852 3 8192 2.000000000 2
76 1120 3 8192 2.000000000 2
76 1244 3 8192 2.000000000 2
80 316 3 8192 2.000000000 2
80 468 3 8192 2.000000000 2
80 472 3 8192 2.000000000 2
80 536 3 8192 2.000000000 2
80 588 3 8192 2.000000000 2
80 604 3 8192 2.000000000 2
80 688 3 8192 2.000000000 2
80 920 3 8192 2.000000000 2
80 1028 3 8192 2.000000000 2
80 1048 3 8192 2.000000000 2
80 1140 3 8192 2.000000000 2
84 480 3 8192 2.000000000 2
84 548 3 8192 2.000000000 2
84 632 3 8192 2.000000000 2
84 912 3 8192 2.000000000 2
84 920 3 8192 2.000000000 2
84 980 3 8192 2.000000000 2
84 1056 3 8192 2.000000000 2
84 1236 3 8192 2.000000000 2
88 156 3 8192 2.000000000 2
88 500 3 8192 2.000000000 2
88 532 3 8192 2.000000000 2
88 684 3 8192 2.000000000 2
88 1120 3 8192 2.000000000 2
88 1232 3 8192 2.000000000 2
92 0 3 8192 2.000000000 2
92 4 3 8192 2.000000000 2
92 516 3 8192 2.000000000 2
92 532 3 8192 2.000000000 2
92 568 3 8192 2.000000000 2
92 684 3 8192 2.000000000 2
92 1004 3 8192 2.000000000 2
92 1084 3 8192 2.000000000 2
96 32 3 8192 2.000000000 2
96 44 3 8192 2.000000000 2
96 100 3 8192 2.000000000 2
96 1012 3 8192 2.000000000 2
96 1100 3 8192 2.000000000 2
100 108 3 8192 2.000000000 2
100 120 3 8192 2.000000000 2
100 164 3 8192 2.000000000 2
100 244 3 8192 2.000000000 2
100 412 3 8192 2.000000000 2
100 448 3 8192 2.000000000 2
100 508 3 8192 2.000000000 2
100 1072 3 8192 2.000000000 2
100 1160 3 8192 2.000000000 2
100 1232 3 8192 2.000000000 2
104 24 3 8192 2.000000000 2
104 72 3 8192 2.000000000 2
104 196 3 8192 2.000000000 2
104 408 3 8192 2.000000000 2
104 860 3 8192 2.000000000 2
104 884 3 8192 2.000000000 2
104 1032 3 8192 2.000000000 2
104 1120 3 8192 2.000000000 2
104 1156 3 8192 2.000000000 2
108 40 3 8192 2.000000000 2
108 716 3 8192 2.000000000 2
108 1120 3 8192 2.000000000 2
108 1172 3 8192 2.000000000 2
116 272 3 8192 2.000000000 2
116 704 3 8192 2.000000000 2
116 948 3 8192 2.000000000 2
116 1052 3 8192 2.000000000 2
120 184 3 8192 2.000000000 2
120 224 3 8192 2.000000000 2
120 232 3 8192 2.000000000 2
120 264 3 8192 2.000000000 2
120 280 3 8192 2.000000000 2
120 480 3 8192 2.000000000 2
120 516 3 8192 2.000000000 2
120 868 3 8192 2.000000000 2
124 100 3 8192 2.000000000 2
124 256 3 8192 2.000000000 2
124 280 3 8192 2.000000000 2
124 316 3 8192 2.000000000 2
124 428 3 8192 2.000000000 2
124 548 3 8192 2.000000000 2
124 568 3 8192 2.000000000 2
124 676 3 8192 2.000000000 2
124 800 3 8192 2.000000000 2
124 880 3 8192 2.000000000 2
124 1148 3 8192 2.000000000 2
124 1172 3 8192 2.000000000 2
132 4 3 8192 2.000000000 2
132 24 3 8192 2.000000000 2
132 60 3 8192 2.000000000 2
132 256 3 8192 2.000000000 2
132 272 3 8192 2.000000000 2
132 360 3 8192 2.000000000 2
132 444 3 8192 2.000000000 2
132 476 3 8192 2.000000000 2
132 524 3 8192 2.000000000 2
132 592 3 8192 2.000000000 2
132 880 3 8192 2.000000000 2
132 1012 3 8192 2.000000000 2
132 1028 3 8192 2.000000000 2
136 24 3 8192 2.000000000 2
136 132 3 8192 2.000000000 2
136 156 3 8192 2.000000000 2
136 216 3 8192 2.000000000 2
136 224 3 8192 2.000000000 2
136 304 3 8192 2.000000000 2
136 536 3 8192 2.000000000 2
136 560 3 8192 2.000000000 2
136 804 3 8192 2.000000000 2
136 808 3 8192 2.000000000 2
136 944 3 8192 2.000000000 2
136 1020 3 8192 2.000000000 2
136 1056 3 8192 2.000000000 2
136 1116 3 8192 2.000000000 2
144 64 3 8192 2.000000000 2
144 132 3 8192 2.000000000 2
144 744 3 8192 2.000000000 2
144 768 3 8192 2.000000000 2
144 836 3 8192 2.000000000 2
144 948 3 8192 2.000000000 2
148 344 3 8192 2.000000000 2
148 640 3 8192 2.000000000 2
148 652 3 8192 2.000000000 2
148 972 3 8192 2.000000000 2
152 48 3 8192 2.000000000 2
152 136 3 8192 2.000000000 2
152 548 3 8192 2.000000000 2
152 884 3 8192 2.000000000 2
152 936 3 8192 2.000000000 2
152 964 3 8192 2.000000000 2
152 1092 3 8192 2.000000000 2
152 1120 3 8192 2.000000000 2
152 1272 3 8192 2.000000000 2
156 212 3 8192 2.000000000 2
156 216 3 8192 2.000000000 2
156 476 3 8192 2.000000000 2
156 664 3 8192 2.000000000 2
156 736 3 8192 2.000000000 2
156 808 3 8192 2.000000000 2
156 812 3 8192 2.000000000 2
156 916 3 8192 2.000000000 2
156 1112 3 8192 2.000000000 2
160 8 3 8192 2.000000000 2
160 52 3 8192 2.000000000 2
160 172 3 8192 2.000000000 2
160 180 3 8192 2.000000000 2
160 228 3 8192 2.000000000 2
160 364 3 8192 2.000000000 2
160 532 3 8192 2.000000000 2
160 792 3 8192 2.000000000 2
160 796 3 8192 2.000000000 2
160 948 3 8192 2.000000000 2
160 1104 3 8192 2.000000000 2
160 1140 3 8192 2.000000000 2
164 80 3 8192 2.000000000 2
164 92 3 8192 2.000000000 2
164 144 3 8192 2.000000000 2
164 344 3 8192 2.000000000 2
164 516 3 8192 2.000000000 2
164 852 3 8192 2.000000000 2
164 1184 3 8192 2.000000000 2
172 120 3 8192 2.000000000 2
172 184 3 8192 2.000000000 2
172 216 3 8192 2.000000000 2
172 344 3 8192 2.000000000 2
172 348 3 8192 2.000000000 2
172 440 3 8192 2.000000000 2
172 460 3 8192 2.000000000 2
172 516 3 8192 2.000000000 2
172 536 3 8192 2.000000000 2
172 544 3 8192 2.000000000 2
172 824 3 8192 2.000000000 2
172 1112 3 8192 2.000000000 2
172 1260 3 8192 2.000000000 2
180 8 3 8192 2.000000000 2
180 144 3 8192 2.000000000 2
180 420 3 8192 2.000000000 2
180 456 3 8192 2.000000000 2
180 588 3 8192 2.000000000 2
180 632 3 8192 2.000000000 2
180 640 3 8192 2.000000000 2
180 664 3 8192 2.000000000 2
180 904 3 8192 2.000000000 2
180 972 3 8192 2.000000000 2
180 996 3 8192 2.000000000 2
180 1148 3 8192 2.000000000 2
180 1160 3 8192 2.000000000 2
180 1244 3 8192 2.000000000 2
184 32 3 8192 2.000000000 2
184 48 3 8192 2.000000000 2
184 216 3 8192 2.000000000 2
184 232 3 8192 2.000000000 2
184 352 3 8192 2.000000000 2
184 504 3 8192 2.000000000 2
184 560 3 8192 2.000000000 2
184 604 3 8192 2.000000000 2
184 756 3 8192 2.000000000 2
184 760 3 8192 2.000000000 2
184 1004 3 8192 2.000000000 2
184 1012 3 8192 2.000000000 2
184 1048 3 8192 2.000000000 2
184 1156 3 8192 2.000000000 2
184 1232 3 8192 2.000000000 2
196 12 3 8192 2.000000000 2
196 668 3 8192 2.000000000 2
196 744 3 8192 2.000000000 2
196 900 3 8192 2.000000000 2
196 1096 3 8192 2.000000000 2
196 1112 3 8192 2.000000000 2
196 1224 3 8192 2.000000000 2
196 1232 3 8192 2.000000000 2
196 1276 3 8192 2.000000000 2
200 48 3 8192 2.000000000 2
200 104 3 8192 2.000000000 2
200 216 3 8192 2.000000000 2
200 360 3 8192 2.000000000 2
200 604 3 8192 2.000000000 2
200 664 3 8192 2.000000000 2
200 744 3 8192 2.000000000 2
200 832 3 8192 2.000000000 2
200 996 3 8192 2.000000000 2
200 1020 3 8192 2.000000000 2
200 1076 3 8192 2.000000000 2
200 1120 3 8192 2.000000000 2
200 1140 3 8192 2.000000000 2
200 1192 3 8192 2.000000000 2
200 1200 3 8192 2.000000000 2
200 1212 3 8192 2.000000000 2
204 20 3 8192 2.000000000 2
204 72 3 8192 2.000000000 2
204 180 3 8192 2.000000000 2
204 472 3 8192 2.000000000 2
204 476 3 8192 2.000000000 2
204 480 3 8192 2.000000000 2
204 1068 3 8192 2.000000000 2
204 1168 3 8192 2.000000000 2
204 1212 3 8192 2.000000000 2
208 136 3 8192 2.000000000 2
208 152 3 8192 2.000000000 2
208 272 3 8192 2.000000000 2
208 292 3 8192 2.000000000 2
208 864 3 8192 2.000000000 2
208 1052 3 8192 2.000000000 2
208 1240 3 8192 2.000000000 2
212 8 3 8192 2.000000000 2
212 64 3 8192 2.000000000 2
212 136 3 8192 2.000000000 2
212 208 3 8192 2.000000000 2
212 1056 3 8192 2.000000000 2
212 1160 3 8192 2.000000000 2
216 496 3 8192 2.000000000 2
216 888 3 8192 2.000000000 2
216 1012 3 8192 2.000000000 2
216 1048 3 8192 2.000000000 2
220 44 3 8192 2.000000000 2
220 88 3 8192 2.000000000 2
220 604 3 8192 2.000000000 2
220 840 3 8192 2.000000000 2
220 1088 3 8192 2.000000000 2
220 1168 3 8192 2.000000000 2
224 144 3 8192 2.000000000 2
224 288 3 8192 2.000000000 2
224 412 3 8192 2.000000000 2
224 572 3 8192 2.000000000 2
224 868 3 8192 2.000000000 2
224 1048 3 8192 2.000000000 2
224 1160 3 8192 2.000000000 2
224 1188 3 8192 2.000000000 2
224 1196 3 8192 2.000000000 2
228 64 3 8192 2.000000000 2
228 408 3 8192 2.000000000 2
228 420 3 8192 2.000000000 2
228 484 3 8192 2.000000000 2
228 832 3 8192 2.000000000 2
228 984 3 8192 2.000000000 2
228 1068 3 8192 2.000000000 2
228 1148 3 8192 2.000000000 2
228 1196 3 8192 2.000000000 2
232 216 3 8192 2.000000000 2
232 424 3 8192 2.000000000 2
232 556 3 8192 2.000000000 2
232 780 3 8192 2.000000000 2
236 8 3 8192 2.000000000 2
236 12 3 8192 2.000000000 2
236 44 3 8192 2.000000000 2
236 456 3 8192 2.000000000 2
236 596 3 8192 2.000000000 2
236 712 3 8192 2.000000000 2
236 812 3 8192 2.000000000 2
236 840 3 8192 2.000000000 2
236 892 3 8192 2.000000000 2
236 1176 3 8192 2.000000000 2
240 268 3 8192 2.000000000 2
240 500 3 8192 2.000000000 2
240 568 3 8192 2.000000000 2
240 712 3 8192 2.000000000 2
240 736 3 8192 2.000000000 2
240 1024 3 8192 2.000000000 2
240 1072 3 8192 2.000000000 2
240 1076 3 8192 2.000000000 2
240 1156 3 8192 2.000000000 2
244 116 3 8192 2.000000000 2
244 236 3 8192 2.000000000 2
244 288 3 8192 2.000000000 2
244 444 3 8192 2.000000000 2
244 448 3 8192 2.000000000 2
244 536 3 8192 2.000000000 2
244 608 3 8192 2.000000000 2
244 704 3 8192 2.000000000 2
244 712 3 8192 2.000000000 2
244 1056 3 8192 2.000000000 2
244 1156 3 8192 2.000000000 2
252 40 3 8192 2.000000000 2
252 152 3 8192 2.000000000 2
252 396 3 8192 2.000000000 2
252 644 3 8192 2.000000000 2
252 916 3 8192 2.000000000 2
252 1152 3 8192 2.000000000 2
252 1168 3 8192 2.000000000 2
252 1196 3 8192 2.000000000 2
252 1244 3 8192 2.000000000 2
252 1264 3 8192 2.000000000 2
256 136 3 8192 2.000000000 2
256 152 3 8192 2.000000000 2
256 224 3 8192 2.000000000 2
256 496 3 8192 2.000000000 2
256 528 3 8192 2.000000000 2
256 912 3 8192 2.000000000 2
256 1056 3 8192 2.000000000 2
260 124 3 8192 2.000000000 2
260 148 3 8192 2.000000000 2
260 432 3 8192 2.000000000 2
260 444 3 8192 2.000000000 2
260 700 3 8192 2.000000000 2
260 904 3 8192 2.000000000 2
260 928 3 8192 2.000000000 2
260 1212 3 8192 2.000000000 2
264 40 3 8192 2.000000000 2
264 120 3 8192 2.000000000 2
264 124 3 8192 2.000000000 2
264 324 3 8192 2.000000000 2
264 440 3 8192 2.000000000 2
264 472 3 8192 2.000000000 2
264 520 3 8192 2.000000000 2
264 728 3 8192 2.000000000 2
264 1008 3 8192 2.000000000 2
268 116 3 8192 2.000000000 2
268 120 3 8192 2.000000000 2
268 324 3 8192 2.000000000 2
268 816 3 8192 2.000000000 2
268 832 3 8192 2.000000000 2
268 1056 3 8192 2.000000000 2
268 1080 3 8192 2.000000000 2
268 1136 3 8192 2.000000000 2
268 1176 3 8192 2.000000000 2
268 1212 3 8192 2.000000000 2
272 20 3 8192 2.000000000 2
272 40 3 8192 2.000000000 2
272 368 3 8192 2.000000000 2
272 444 3 8192 2.000000000 2
272 500 3 8192 2.000000000 2
272 580 3 8192 2.000000000 2
272 604 3 8192 2.000000000 2
272 756 3 8192 2.000000000 2
272 1052 3 8192 2.000000000 2
272 1128 3 8192 2.000000000 2
272 1156 3 8192 2.000000000 2
272 1192 3 8192 2.000000000 2
276 12 3 8192 2.000000000 2
276 212 3 8192 2.000000000 2
276 264 3 8192 2.000000000 2
276 352 3 8192 2.000000000 2
276 484 3 8192 2.000000000 2
280 116 3 8192 2.000000000 2
280 152 3 8192 2.000000000 2
280 588 3 8192 2.000000000 2
280 644 3 8192 2.000000000 2
280 816 3 8192 2.000000000 2
280 1004 3 8192 2.000000000 2
280 1112 3 8192 2.000000000 2
280 1168 3 8192 2.000000000 2
280 1176 3 8192 2.000000000 2
280 1220 3 8192 2.000000000 2
288 384 3 8192 2.000000000 2
288 480 3 8192 2.000000000 2
288 516 3 8192 2.000000000 2
288 1008 3 8192 2.000000000 2
292 448 3 8192 2.000000000 2
292 484 3 8192 2.000000000 2
292 488 3 8192 2.000000000 2
292 972 3 8192 2.000000000 2
292 1164 3 8192 2.000000000 2
296 44 3 8192 2.000000000 2
296 292 3 8192 2.000000000 2
296 472 3 8192 2.000000000 2
296 604 3 8192 2.000000000 2
296 704 3 8192 2.000000000 2
296 796 3 8192 2.000000000 2
296 864 3 8192 2.000000000 2
296 964 3 8192 2.000000000 2
296 1204 3 8192 2.000000000 2
300 120 3 8192 2.000000000 2
300 324 3 8192 2.000000000 2
300 460 3 8192 2.000000000 2
300 688 3 8192 2.000000000 2
300 808 3 8192 2.000000000 2
300 964 3 8192 2.000000000 2
300 1048 3 8192 2.000000000 2
304 352 3 8192 2.000000000 2
304 420 3 8192 2.000000000 2
304 424 3 8192 2.000000000 2
304 708 3 8192 2.000000000 2
304 736 3 8192 2.000000000 2
304 1064 3 8192 2.000000000 2
304 1080 3 8192 2.000000000 2
304 1088 3 8192 2.000000000 2
304 1192 3 8192 2.000000000 2
304 1252 3 8192 2.000000000 2
312 88 3 8192 2.000000000 2
312 100 3 8192 2.000000000 2
312 164 3 8192 2.000000000 2
312 408 3 8192 2.000000000 2
312 580 3 8192 2.000000000 2
312 1140 3 8192 2.000000000 2
312 1224 3 8192 2.000000000 2
312 1272 3 8192 2.000000000 2
316 8 3 8192 2.000000000 2
316 428 3 8192 2.000000000 2
316 596 3 8192 2.000000000 2
316 688 3 8192 2.000000000 2
316 996 3 8192 2.000000000 2
316 1008 3 8192 2.000000000 2
316 1164 3 8192 2.000000000 2
320 160 3 8192 2.000000000 2
320 384 3 8192 2.000000000 2
320 592 3 8192 2.000000000 2
320 752 3 8192 2.000000000 2
320 832 3 8192 2.000000000 2
320 980 3 8192 2.000000000 2
324 24 3 8192 2.000000000 2
324 132 3 8192 2.000000000 2
324 172 3 8192 2.000000000 2
324 304 3 8192 2.000000000 2
324 672 3 8192 2.000000000 2
324 832 3 8192 2.000000000 2
324 1164 3 8192 2.000000000 2
324 1224 3 8192 2.000000000 2
328 20 3 8192 2.000000000 2
328 96 3 8192 2.000000000 2
328 324 3 8192 2.000000000 2
328 344 3 8192 2.000000000 2
328 668 3 8192 2.000000000 2
328 768 3 8192 2.000000000 2
328 916 3 8192 2.000000000 2
328 968 3 8192 2.000000000 2
328 1252 3 8192 2.000000000 2
344 316 3 8192 2.000000000 2
344 672 3 8192 2.000000000 2
344 996 3 8192 2.000000000 2
344 1032 3 8192 2.000000000 2
344 1228 3 8192 2.000000000 2
348 24 3 8192 2.000000000 2
348 76 3 8192 2.000000000 2
348 84 3 8192 2.000000000 2
348 92 3 8192 2.000000000 2
348 180 3 8192 2.000000000 2
348 424 3 8192 2.000000000 2
348 456 3 8192 2.000000000 2
348 528 3 8192 2.000000000 2
348 624 3 8192 2.000000000 2
348 824 3 8192 2.000000000 2
348 864 3 8192 2.000000000 2
348 876 3 8192 2.000000000 2
348 1072 3 8192 2.000000000 2
352 344 3 8192 2.000000000 2
352 544 3 8192 2.000000000 2
352 592 3 8192 2.000000000 2
352 616 3 8192 2.000000000 2
352 632 3 8192 2.000000000 2
352 668 3 8192 2.000000000 2
352 896 3 8192 2.000000000 2
352 948 3 8192 2.000000000 2
352 1240 3 8192 2.000000000 2
360 60 3 8192 2.000000000 2
360 216 3 8192 2.000000000 2
360 328 3 8192 2.000000000 2
360 448 3 8192 2.000000000 2
360 632 3 8192 2.000000000 2
360 688 3 8192 2.000000000 2
364 16 3 8192 2.000000000 2
364 48 3 8192 2.000000000 2
364 116 3 8192 2.000000000 2
364 360 3 8192 2.000000000 2
364 664 3 8192 2.000000000 2
364 696 3 8192 2.000000000 2
364 712 3 8192 2.000000000 2
364 1036 3 8192 2.000000000 2
364 1156 3 8192 2.000000000 2
364 1200 3 8192 2.000000000 2
364 1244 3 8192 2.000000000 2
368 144 3 8192 2.000000000 2
368 260 3 8192 2.000000000 2
368 300 3 8192 2.000000000 2
368 352 3 8192 2.000000000 2
368 504 3 8192 2.000000000 2
368 608 3 8192 2.000000000 2
368 672 3 8192 2.000000000 2
368 744 3 8192 2.000000000 2
368 984 3 8192 2.000000000 2
368 1068 3 8192 2.000000000 2
368 1172 3 8192 2.000000000 2
376 80 3 8192 2.000000000 2
376 108 3 8192 2.000000000 2
376 392 3 8192 2.000000000 2
376 624 3 8192 2.000000000 2
376 696 3 8192 2.000000000 2
376 712 3 8192 2.000000000 2
376 728 3 8192 2.000000000 2
376 768 3 8192 2.000000000 2
376 812 3 8192 2.000000000 2
376 1048 3 8192 2.000000000 2
376 1084 3 8192 2.000000000 2
384 496 3 8192 2.000000000 2
384 716 3 8192 2.000000000 2
384 916 3 8192 2.000000000 2
384 936 3 8192 2.000000000 2
384 972 3 8192 2.000000000 2
384 1272 3 8192 2.000000000 2
392 312 3 8192 2.000000000 2
392 384 3 8192 2.000000000 2
392 396 3 8192 2.000000000 2
392 460 3 8192 2.000000000 2
392 492 3 8192 2.000000000 2
392 840 3 8192 2.000000000 2
392 872 3 8192 2.000000000 2
392 1216 3 8192 2.000000000 2
392 1240 3 8192 2.000000000 2
392 1256 3 8192 2.000000000 2
396 44 3 8192 2.000000000 2
396 212 3 8192 2.000000000 2
396 240 3 8192 2.000000000 2
396 244 3 8192 2.000000000 2
396 264 3 8192 2.000000000 2
396 492 3 8192 2.000000000 2
396 676 3 8192 2.000000000 2
396 964 3 8192 2.000000000 2
396 1012 3 8192 2.000000000 2
396 1084 3 8192 2.000000000 2
396 1212 3 8192 2.000000000 2
396 1216 3 8192 2.000000000 2
408 40 3 8192 2.000000000 2
408 164 3 8192 2.000000000 2
408 504 3 8192 2.000000000 2
408 672 3 8192 2.000000000 2
408 880 3 8192 2.000000000 2
412 4 3 8192 2.000000000 2
412 136 3 8192 2.000000000 2
412 808 3 8192 2.000000000 2
412 836 3 8192 2.000000000 2
412 916 3 8192 2.000000000 2
412 1104 3 8192 2.000000000 2
412 1252 3 8192 2.000000000 2
420 200 3 8192 2.000000000 2
420 252 3 8192 2.000000000 2
420 276 3 8192 2.000000000 2
420 848 3 8192 2.000000000 2
420 1088 3 8192 2.000000000 2
420 1112 3 8192 2.000000000 2
420 1240 3 8192 2.000000000 2
424 40 3 8192 2.000000000 2
424 476 3 8192 2.000000000 2
424 520 3 8192 2.000000000 2
424 608 3 8192 2.000000000 2
424 716 3 8192 2.000000000 2
424 860 3 8192 2.000000000 2
424 888 3 8192 2.000000000 2
424 900 3 8192 2.000000000 2
424 988 3 8192 2.000000000 2
424 1076 3 8192 2.000000000 2
428 12 3 8192 2.000000000 2
428 156 3 8192 2.000000000 2
428 236 3 8192 2.000000000 2
428 264 3 8192 2.000000000 2
428 276 3 8192 2.000000000 2
428 300 3 8192 2.000000000 2
428 368 3 8192 2.000000000 2
428 500 3 8192 2.000000000 2
428 724 3 8192 2.000000000 2
428 744 3 8192 2.000000000 2
428 1200 3 8192 2.000000000 2
428 1252 3 8192 2.000000000 2
432 184 3 8192 2.000000000 2
432 220 3 8192 2.000000000 2
432 264 3 8192 2.000000000 2
432 596 3 8192 2.000000000 2
432 644 3 8192 2.000000000 2
432 660 3 8192 2.000000000 2
432 752 3 8192 2.000000000 2
432 852 3 8192 2.000000000 2
432 1064 3 8192 2.000000000 2
432 1088 3 8192 2.000000000 2
432 1120 3 8192 2.000000000 2
432 1232 3 8192 2.000000000 2
440 0 3 8192 2.000000000 2
440 20 3 8192 2.000000000 2
440 252 3 8192 2.000000000 2
440 364 3 8192 2.000000000 2
440 384 3 8192 2.000000000 2
440 732 3 8192 2.000000000 2
440 736 3 8192 2.000000000 2
440 832 3 8192 2.000000000 2
440 944 3 8192 2.000000000 2
440 1020 3 8192 2.000000000 2
440 1096 3 8192 2.000000000 2
440 1184 3 8192 2.000000000 2
444 316 3 8192 2.000000000 2
444 528 3 8192 2.000000000 2
444 592 3 8192 2.000000000 2
444 820 3 8192 2.000000000 2
444 848 3 8192 2.000000000 2
444 972 3 8192 2.000000000 2
444 1004 3 8192 2.000000000 2
444 1032 3 8192 2.000000000 2
444 1088 3 8192 2.000000000 2
444 1276 3 8192 2.000000000 2
448 24 3 8192 2.000000000 2
448 232 3 8192 2.000000000 2
448 532 3 8192 2.000000000 2
448 604 3 8192 2.000000000 2
448 736 3 8192 2.000000000 2
448 884 3 8192 2.000000000 2
448 1120 3 8192 2.000000000 2
456 20 3 8192 2.000000000 2
456 52 3 8192 2.000000000 2
456 72 3 8192 2.000000000 2
456 428 3 8192 2.000000000 2
456 464 3 8192 2.000000000 2
456 840 3 8192 2.000000000 2
456 888 3 8192 2.000000000 2
456 904 3 8192 2.000000000 2
456 1104 3 8192 2.000000000 2
456 1164 3 8192 2.000000000 2
460 96 3 8192 2.000000000 2
460 480 3 8192 2.000000000 2
460 568 3 8192 2.000000000 2
460 760 3 8192 2.000000000 2
460 824 3 8192 2.000000000 2
460 1080 3 8192 2.000000000 2
460 1216 3 8192 2.000000000 2
464 152 3 8192 2.000000000 2
464 156 3 8192 2.000000000 2
464 172 3 8192 2.000000000 2
464 184 3 8192 2.000000000 2
464 304 3 8192 2.000000000 2
464 412 3 8192 2.000000000 2
464 496 3 8192 2.000000000 2
464 600 3 8192 2.000000000 2
468 32 3 8192 2.000000000 2
468 72 3 8192 2.000000000 2
468 88 3 8192 2.000000000 2
468 236 3 8192 2.000000000 2
468 456 3 8192 2.000000000 2
468 516 3 8192 2.000000000 2
468 588 3 8192 2.000000000 2
468 632 3 8192 2.000000000 2
468 672 3 8192 2.000000000 2
468 736 3 8192 2.000000000 2
468 940 3 8192 2.000000000 2
468 1064 3 8192 2.000000000 2
468 1136 3 8192 2.000000000 2
468 1212 3 8192 2.000000000 2
472 12 3 8192 2.000000000 2
472 48 3 8192 2.000000000 2
472 492 3 8192 2.000000000 2
472 500 3 8192 2.000000000 2
472 552 3 8192 2.000000000 2
472 560 3 8192 2.000000000 2
472 580 3 8192 2.000000000 2
472 616 3 8192 2.000000000 2
472 624 3 8192 2.000000000 2
472 904 3 8192 2.000000000 2
472 1048 3 8192 2.000000000 2
472 1060 3 8192 2.000000000 2
472 1212 3 8192 2.000000000 2
476 108 3 8192 2.000000000 2
476 152 3 8192 2.000000000 2
476 368 3 8192 2.000000000 2
476 480 3 8192 2.000000000 2
476 820 3 8192 2.000000000 2
476 864 3 8192 2.000000000 2
476 884 3 8192 2.000000000 2
476 896 3 8192 2.000000000 2
480 68 3 8192 2.000000000 2
480 100 3 8192 2.000000000 2
480 408 3 8192 2.000000000 2
480 488 3 8192 2.000000000 2
480 512 3 8192 2.000000000 2
480 556 3 8192 2.000000000 2
480 728 3 8192 2.000000000 2
480 1140 3 8192 2.000000000 2
480 1152 3 8192 2.000000000 2
480 1200 3 8192 2.000000000 2
480 1236 3 8192 2.000000000 2
480 1260 3 8192 2.000000000 2
484 12 3 8192 2.000000000 2
484 180 3 8192 2.000000000 2
484 272 3 8192 2.000000000 2
484 716 3 8192 2.000000000 2
484 1112 3 8192 2.000000000 2
484 1204 3 8192 2.000000000 2
488 48 3 8192 2.000000000 2
488 108 3 8192 2.000000000 2
488 180 3 8192 2.000000000 2
488 252 3 8192 2.000000000 2
488 600 3 8192 2.000000000 2
488 900 3 8192 2.000000000 2
492 144 3 8192 2.000000000 2
492 288 3 8192 2.000000000 2
492 360 3 8192 2.000000000 2
492 428 3 8192 2.000000000 2
492 588 3 8192 2.000000000 2
492 972 3 8192 2.000000000 2
496 32 3 8192 2.000000000 2
496 148 3 8192 2.000000000 2
496 368 3 8192 2.000000000 2
496 504 3 8192 2.000000000 2
496 696 3 8192 2.000000000 2
496 804 3 8192 2.000000000 2
496 940 3 8192 2.000000000 2
496 1084 3 8192 2.000000000 2
500 40 3 8192 2.000000000 2
500 52 3 8192 2.000000000 2
500 384 3 8192 2.000000000 2
500 412 3 8192 2.000000000 2
500 464 3 8192 2.000000000 2
500 756 3 8192 2.000000000 2
504 24 3 8192 2.000000000 2
504 120 3 8192 2.000000000 2
504 132 3 8192 2.000000000 2
504 148 3 8192 2.000000000 2
504 196 3 8192 2.000000000 2
504 220 3 8192 2.000000000 2
504 236 3 8192 2.000000000 2
504 312 3 8192 2.000000000 2
504 428 3 8192 2.000000000 2
504 580 3 8192 2.000000000 2
504 624 3 8192 2.000000000 2
504 752 3 8192 2.000000000 2
504 768 3 8192 2.000000000 2
504 780 3 8192 2.000000000 2
504 824 3 8192 2.000000000 2
504 936 3 8192 2.000000000 2
504 948 3 8192 2.000000000 2
504 1020 3 8192 2.000000000 2
504 1272 3 8192 2.000000000 2
508 580 3 8192 2.000000000 2
508 708 3 8192 2.000000000 2
508 796 3 8192 2.000000000 2
508 896 3 8192 2.000000000 2
508 996 3 8192 2.000000000 2
508 1024 3 8192 2.000000000 2
508 1032 3 8192 2.000000000 2
508 1060 3 8192 2.000000000 2
508 1088 3 8192 2.000000000 2
512 84 3 8192 2.000000000 2
512 264 3 8192 2.000000000 2
512 756 3 8192 2.000000000 2
512 1008 3 8192 2.000000000 2
516 80 3 8192 2.000000000 2
516 228 3 8192 2.000000000 2
516 280 3 8192 2.000000000 2
516 412 3 8192 2.000000000 2
516 644 3 8192 2.000000000 2
516 708 3 8192 2.000000000 2
516 836 3 8192 2.000000000 2
520 196 3 8192 2.000000000 2
520 412 3 8192 2.000000000 2
520 544 3 8192 2.000000000 2
520 664 3 8192 2.000000000 2
520 692 3 8192 2.000000000 2
520 1112 3 8192 2.000000000 2
524 12 3 8192 2.000000000 2
524 96 3 8192 2.000000000 2
524 144 3 8192 2.000000000 2
524 420 3 8192 2.000000000 2
524 472 3 8192 2.000000000 2
524 708 3 8192 2.000000000 2
524 736 3 8192 2.000000000 2
524 852 3 8192 2.000000000 2
524 888 3 8192 2.000000000 2
524 940 3 8192 2.000000000 2
524 1080 3 8192 2.000000000 2
528 40 3 8192 2.000000000 2
528 96 3 8192 2.000000000 2
528 264 3 8192 2.000000000 2
528 324 3 8192 2.000000000 2
528 424 3 8192 2.000000000 2
528 448 3 8192 2.000000000 2
528 460 3 8192 2.000000000 2
528 684 3 8192 2.000000000 2
528 1008 3 8192 2.000000000 2
528 1116 3 8192 2.000000000 2
528 1224 3 8192 2.000000000 2
532 48 3 8192 2.000000000 2
532 172 3 8192 2.000000000 2
532 376 3 8192 2.000000000 2
532 428 3 8192 2.000000000 2
532 528 3 8192 2.000000000 2
532 704 3 8192 2.000000000 2
532 728 3 8192 2.000000000 2
532 1100 3 8192 2.000000000 2
532 1220 3 8192 2.000000000 2
536 40 3 8192 2.000000000 2
536 104 3 8192 2.000000000 2
536 212 3 8192 2.000000000 2
536 300 3 8192 2.000000000 2
536 412 3 8192 2.000000000 2
536 1236 3 8192 2.000000000 2
544 252 3 8192 2.000000000 2
544 460 3 8192 2.000000000 2
544 688 3 8192 2.000000000 2
544 912 3 8192 2.000000000 2
544 1128 3 8192 2.000000000 2
544 1196 3 8192 2.000000000 2
548 200 3 8192 2.000000000 2
548 376 3 8192 2.000000000 2
548 532 3 8192 2.000000000 2
548 888 3 8192 2.000000000 2
548 1156 3 8192 2.000000000 2
552 80 3 8192 2.000000000 2
552 148 3 8192 2.000000000 2
552 220 3 8192 2.000000000 2
552 460 3 8192 2.000000000 2
552 480 3 8192 2.000000000 2
552 492 3 8192 2.000000000 2
552 688 3 8192 2.000000000 2
552 880 3 8192 2.000000000 2
552 904 3 8192 2.000000000 2
552 936 3 8192 2.000000000 2
552 1112 3 8192 2.000000000 2
556 464 3 8192 2.000000000 2
556 532 3 8192 2.000000000 2
556 608 3 8192 2.000000000 2
556 732 3 8192 2.000000000 2
556 812 3 8192 2.000000000 2
556 940 3 8192 2.000000000 2
556 1100 3 8192 2.000000000 2
556 1120 3 8192 2.000000000 2
560 328 3 8192 2.000000000 2
560 664 3 8192 2.000000000 2
560 704 3 8192 2.000000000 2
560 852 3 8192 2.000000000 2
560 984 3 8192 2.000000000 2
560 1084 3 8192 2.000000000 2
560 1132 3 8192 2.000000000 2
560 1184 3 8192 2.000000000 2
568 20 3 8192 2.000000000 2
568 76 3 8192 2.000000000 2
568 100 3 8192 2.000000000 2
568 352 3 8192 2.000000000 2
568 524 3 8192 2.000000000 2
568 536 3 8192 2.000000000 2
568 616 3 8192 2.000000000 2
568 664 3 8192 2.000000000 2
568 724 3 8192 2.000000000 2
568 732 3 8192 2.000000000 2
568 780 3 8192 2.000000000 2
568 848 3 8192 2.000000000 2
568 892 3 8192 2.000000000 2
568 1096 3 8192 2.000000000 2
568 1172 3 8192 2.000000000 2
572 104 3 8192 2.000000000 2
572 268 3 8192 2.000000000 2
572 484 3 8192 2.000000000 2
572 580 3 8192 2.000000000 2
572 596 3 8192 2.000000000 2
572 1136 3 8192 2.000000000 2
572 1176 3 8192 2.000000000 2
580 84 3 8192 2.000000000 2
580 480 3 8192 2.000000000 2
580 640 3 8192 2.000000000 2
580 732 3 8192 2.000000000 2
580 808 3 8192 2.000000000 2
580 940 3 8192 2.000000000 2
580 1084 3 8192 2.000000000 2
580 1156 3 8192 2.000000000 2
588 24 3 8192 2.000000000 2
588 76 3 8192 2.000000000 2
588 96 3 8192 2.000000000 2
588 172 3 8192 2.000000000 2
588 512 3 8192 2.000000000 2
588 668 3 8192 2.000000000 2
588 756 3 8192 2.000000000 2
588 876 3 8192 2.000000000 2
588 1244 3 8192 2.000000000 2
592 52 3 8192 2.000000000 2
592 80 3 8192 2.000000000 2
592 160 3 8192 2.000000000 2
592 244 3 8192 2.000000000 2
592 448 3 8192 2.000000000 2
592 556 3 8192 2.000000000 2
592 676 3 8192 2.000000000 2
592 964 3 8192 2.000000000 2
592 972 3 8192 2.000000000 2
596 12 3 8192 2.000000000 2
596 152 3 8192 2.000000000 2
596 272 3 8192 2.000000000 2
596 364 3 8192 2.000000000 2
596 536 3 8192 2.000000000 2
596 760 3 8192 2.000000000 2
596 928 3 8192 2.000000000 2
596 960 3 8192 2.000000000 2
596 1168 3 8192 2.000000000 2
596 1188 3 8192 2.000000000 2
596 1236 3 8192 2.000000000 2
596 1260 3 8192 2.000000000 2
600 72 3 8192 2.000000000 2
600 76 3 8192 2.000000000 2
600 180 3 8192 2.000000000 2
600 300 3 8192 2.000000000 2
600 412 3 8192 2.000000000 2
600 500 3 8192 2.000000000 2
600 652 3 8192 2.000000000 2
600 780 3 8192 2.000000000 2
600 876 3 8192 2.000000000 2
600 944 3 8192 2.000000000 2
600 1148 3 8192 2.000000000 2
604 44 3 8192 2.000000000 2
604 84 3 8192 2.000000000 2
604 236 3 8192 2.000000000 2
604 700 3 8192 2.000000000 2
604 736 3 8192 2.000000000 2
604 1112 3 8192 2.000000000 2
604 1120 3 8192 2.000000000 2
604 1184 3 8192 2.000000000 2
604 1212 3 8192 2.000000000 2
604 1264 3 8192 2.000000000 2
608 276 3 8192 2.000000000 2
608 1056 3 8192 2.000000000 2
608 1064 3 8192 2.000000000 2
616 8 3 8192 2.000000000 2
616 180 3 8192 2.000000000 2
616 240 3 8192 2.000000000 2
616 264 3 8192 2.000000000 2
616 384 3 8192 2.000000000 2
616 468 3 8192 2.000000000 2
616 688 3 8192 2.000000000 2
616 792 3 8192 2.000000000 2
616 892 3 8192 2.000000000 2
616 900 3 8192 2.000000000 2
616 1076 3 8192 2.000000000 2
616 1168 3 8192 2.000000000 2
616 1172 3 8192 2.000000000 2
624 12 3 8192 2.000000000 2
624 116 3 8192 2.000000000 2
624 132 3 8192 2.000000000 2
624 144 3 8192 2.000000000 2
624 204 3 8192 2.000000000 2
624 652 3 8192 2.000000000 2
624 1036 3 8192 2.000000000 2
632 8 3 8192 2.000000000 2
632 180 3 8192 2.000000000 2
632 220 3 8192 2.000000000 2
632 260 3 8192 2.000000000 2
632 524 3 8192 2.000000000 2
632 820 3 8192 2.000000000 2
632 1052 3 8192 2.000000000 2
632 1152 3 8192 2.000000000 2
632 1188 3 8192 2.000000000 2
632 1272 3 8192 2.000000000 2
640 160 3 8192 2.000000000 2
640 216 3 8192 2.000000000 2
640 272 3 8192 2.000000000 2
640 280 3 8192 2.000000000 2
640 392 3 8192 2.000000000 2
640 456 3 8192 2.000000000 2
640 552 3 8192 2.000000000 2
640 696 3 8192 2.000000000 2
640 744 3 8192 2.000000000 2
640 768 3 8192 2.000000000 2
640 1004 3 8192 2.000000000 2
640 1064 3 8192 2.000000000 2
640 1072 3 8192 2.000000000 2
640 1200 3 8192 2.000000000 2
640 1252 3 8192 2.000000000 2
640 1272 3 8192 2.000000000 2
644 136 3 8192 2.000000000 2
644 472 3 8192 2.000000000 2
644 744 3 8192 2.000000000 2
644 1256 3 8192 2.000000000 2
652 448 3 8192 2.000000000 2
652 700 3 8192 2.000000000 2
652 732 3 8192 2.000000000 2
652 744 3 8192 2.000000000 2
652 808 3 8192 2.000000000 2
652 1076 3 8192 2.000000000 2
652 1148 3 8192 2.000000000 2
652 1216 3 8192 2.000000000 2
652 1228 3 8192 2.000000000 2
660 72 3 8192 2.000000000 2
660 156 3 8192 2.000000000 2
660 200 3 8192 2.000000000 2
660 288 3 8192 2.000000000 2
660 348 3 8192 2.000000000 2
660 568 3 8192 2.000000000 2
660 964 3 8192 2.000000000 2
660 1060 3 8192 2.000000000 2
660 1104 3 8192 2.000000000 2
664 228 3 8192 2.000000000 2
664 236 3 8192 2.000000000 2
664 264 3 8192 2.000000000 2
664 288 3 8192 2.000000000 2
664 396 3 8192 2.000000000 2
664 1072 3 8192 2.000000000 2
664 1076 3 8192 2.000000000 2
668 20 3 8192 2.000000000 2
668 52 3 8192 2.000000000 2
668 92 3 8192 2.000000000 2
668 500 3 8192 2.000000000 2
668 580 3 8192 2.000000000 2
668 736 3 8192 2.000000000 2
668 988 3 8192 2.000000000 2
668 1004 3 8192 2.000000000 2
668 1032 3 8192 2.000000000 2
668 1088 3 8192 2.000000000 2
668 1132 3 8192 2.000000000 2
668 1148 3 8192 2.000000000 2
668 1244 3 8192 2.000000000 2
668 1252 3 8192 2.000000000 2
672 20 3 8192 2.000000000 2
672 92 3 8192 2.000000000 2
672 204 3 8192 2.000000000 2
672 312 3 8192 2.000000000 2
672 360 3 8192 2.000000000 2
672 420 3 8192 2.000000000 2
672 480 3 8192 2.000000000 2
672 524 3 8192 2.000000000 2
672 532 3 8192 2.000000000 2
672 592 3 8192 2.000000000 2
672 624 3 8192 2.000000000 2
672 732 3 8192 2.000000000 2
672 836 3 8192 2.000000000 2
672 1028 3 8192 2.000000000 2
676 152 3 8192 2.000000000 2
676 448 3 8192 2.000000000 2
676 984 3 8192 2.000000000 2
676 1004 3 8192 2.000000000 2
676 1104 3 8192 2.000000000 2
676 1176 3 8192 2.000000000 2
684 148 3 8192 2.000000000 2
684 396 3 8192 2.000000000 2
684 456 3 8192 2.000000000 2
684 548 3 8192 2.000000000 2
684 876 3 8192 2.000000000 2
684 1116 3 8192 2.000000000 2
684 1160 3 8192 2.000000000 2
684 1276 3 8192 2.000000000 2
688 64 3 8192 2.000000000 2
688 124 3 8192 2.000000000 2
688 144 3 8192 2.000000000 2
688 172 3 8192 2.000000000 2
688 260 3 8192 2.000000000 2
688 328 3 8192 2.000000000 2
688 360 3 8192 2.000000000 2
688 804 3 8192 2.000000000 2
688 1148 3 8192 2.000000000 2
688 1264 3 8192 2.000000000 2
692 76 3 8192 2.000000000 2
692 124 3 8192 2.000000000 2
692 208 3 8192 2.000000000 2
692 216 3 8192 2.000000000 2
692 756 3 8192 2.000000000 2
692 864 3 8192 2.000000000 2
692 904 3 8192 2.000000000 2
692 920 3 8192 2.000000000 2
692 1200 3 8192 2.000000000 2
692 1244 3 8192 2.000000000 2
696 84 3 8192 2.000000000 2
696 160 3 8192 2.000000000 2
696 640 3 8192 2.000000000 2
696 688 3 8192 2.000000000 2
696 784 3 8192 2.000000000 2
696 800 3 8192 2.000000000 2
696 832 3 8192 2.000000000 2
696 1076 3 8192 2.000000000 2
696 1116 3 8192 2.000000000 2
696 1220 3 8192 2.000000000 2
700 52 3 8192 2.000000000 2
700 100 3 8192 2.000000000 2
700 136 3 8192 2.000000000 2
700 152 3 8192 2.000000000 2
700 456 3 8192 2.000000000 2
700 652 3 8192 2.000000000 2
700 664 3 8192 2.000000000 2
700 1228 3 8192 2.000000000 2
704 184 3 8192 2.000000000 2
704 272 3 8192 2.000000000 2
704 368 3 8192 2.000000000 2
704 732 3 8192 2.000000000 2
704 840 3 8192 2.000000000 2
708 156 3 8192 2.000000000 2
708 276 3 8192 2.000000000 2
708 296 3 8192 2.000000000 2
708 420 3 8192 2.000000000 2
708 444 3 8192 2.000000000 2
708 548 3 8192 2.000000000 2
708 1212 3 8192 2.000000000 2
712 104 3 8192 2.000000000 2
712 232 3 8192 2.000000000 2
712 408 3 8192 2.000000000 2
712 524 3 8192 2.000000000 2
712 632 3 8192 2.000000000 2
712 784 3 8192 2.000000000 2
712 944 3 8192 2.000000000 2
712 984 3 8192 2.000000000 2
712 1216 3 8192 2.000000000 2
712 1256 3 8192 2.000000000 2
716 120 3 8192 2.000000000 2
716 256 3 8192 2.000000000 2
716 412 3 8192 2.000000000 2
716 456 3 8192 2.000000000 2
716 512 3 8192 2.000000000 2
716 1276 3 8192 2.000000000 2
724 164 3 8192 2.000000000 2
724 412 3 8192 2.000000000 2
724 520 3 8192 2.000000000 2
724 816 3 8192 2.000000000 2
724 836 3 8192 2.000000000 2
724 900 3 8192 2.000000000 2
724 948 3 8192 2.000000000 2
724 1160 3 8192 2.000000000 2
728 76 3 8192 2.000000000 2
728 204 3 8192 2.000000000 2
728 220 3 8192 2.000000000 2
728 260 3 8192 2.000000000 2
728 464 3 8192 2.000000000 2
728 492 3 8192 2.000000000 2
728 840 3 8192 2.000000000 2
728 884 3 8192 2.000000000 2
728 1032 3 8192 2.000000000 2
728 1088 3 8192 2.000000000 2
728 1100 3 8192 2.000000000 2
728 1104 3 8192 2.000000000 2
732 0 3 8192 2.000000000 2
732 304 3 8192 2.000000000 2
732 580 3 8192 2.000000000 2
732 616 3 8192 2.000000000 2
732 736 3 8192 2.000000000 2
732 1172 3 8192 2.000000000 2
736 60 3 8192 2.000000000 2
736 156 3 8192 2.000000000 2
736 184 3 8192 2.000000000 2
736 256 3 8192 2.000000000 2
736 300 3 8192 2.000000000 2
736 428 3 8192 2.000000000 2
736 848 3 8192 2.000000000 2
736 860 3 8192 2.000000000 2
736 1172 3 8192 2.000000000 2
736 1184 3 8192 2.000000000 2
744 104 3 8192 2.000000000 2
744 180 3 8192 2.000000000 2
744 300 3 8192 2.000000000 2
744 320 3 8192 2.000000000 2
744 368 3 8192 2.000000000 2
744 428 3 8192 2.000000000 2
744 640 3 8192 2.000000000 2
744 688 3 8192 2.000000000 2
744 696 3 8192 2.000000000 2
744 724 3 8192 2.000000000 2
744 800 3 8192 2.000000000 2
744 832 3 8192 2.000000000 2
744 1192 3 8192 2.000000000 2
744 1236 3 8192 2.000000000 2
752 204 3 8192 2.000000000 2
752 208 3 8192 2.000000000 2
752 324 3 8192 2.000000000 2
752 488 3 8192 2.000000000 2
752 600 3 8192 2.000000000 2
752 684 3 8192 2.000000000 2
752 700 3 8192 2.000000000 2
752 756 3 8192 2.000000000 2
752 852 3 8192 2.000000000 2
752 1032 3 8192 2.000000000 2
752 1076 3 8192 2.000000000 2
752 1276 3 8192 2.000000000 2
756 12 3 8192 2.000000000 2
756 220 3 8192 2.000000000 2
756 360 3 8192 2.000000000 2
756 396 3 8192 2.000000000 2
756 604 3 8192 2.000000000 2
756 752 3 8192 2.000000000 2
756 768 3 8192 2.000000000 2
756 832 3 8192 2.000000000 2
756 960 3 8192 2.000000000 2
756 1080 3 8192 2.000000000 2
760 124 3 8192 2.000000000 2
760 224 3 8192 2.000000000 2
760 520 3 8192 2.000000000 2
760 568 3 8192 2.000000000 2
760 596 3 8192 2.000000000 2
760 644 3 8192 2.000000000 2
760 804 3 8192 2.000000000 2
760 1060 3 8192 2.000000000 2
760 1224 3 8192 2.000000000 2
768 448 3 8192 2.000000000 2
768 536 3 8192 2.000000000 2
768 600 3 8192 2.000000000 2
768 696 3 8192 2.000000000 2
768 1212 3 8192 2.000000000 2
768 1224 3 8192 2.000000000 2
780 244 3 8192 2.000000000 2
780 548 3 8192 2.000000000 2
780 728 3 8192 2.000000000 2
780 760 3 8192 2.000000000 2
780 864 3 8192 2.000000000 2
780 916 3 8192 2.000000000 2
780 944 3 8192 2.000000000 2
780 1140 3 8192 2.000000000 2
784 20 3 8192 2.000000000 2
784 288 3 8192 2.000000000 2
784 376 3 8192 2.000000000 2
784 460 3 8192 2.000000000 2
784 836 3 8192 2.000000000 2
784 864 3 8192 2.000000000 2
784 1092 3 8192 2.000000000 2
792 16 3 8192 2.000000000 2
792 76 3 8192 2.000000000 2
792 220 3 8192 2.000000000 2
792 224 3 8192 2.000000000 2
792 240 3 8192 2.000000000 2
792 592 3 8192 2.000000000 2
792 668 3 8192 2.000000000 2
792 768 3 8192 2.000000000 2
792 1084 3 8192 2.000000000 2
792 1092 3 8192 2.000000000 2
792 1272 3 8192 2.000000000 2
796 456 3 8192 2.000000000 2
796 624 3 8192 2.000000000 2
796 876 3 8192 2.000000000 2
796 888 3 8192 2.000000000 2
796 920 3 8192 2.000000000 2
796 1224 3 8192 2.000000000 2
796 1276 3 8192 2.000000000 2
800 24 3 8192 2.000000000 2
800 104 3 8192 2.000000000 2
800 364 3 8192 2.000000000 2
800 644 3 8192 2.000000000 2
800 684 3 8192 2.000000000 2
800 820 3 8192 2.000000000 2
800 840 3 8192 2.000000000 2
804 60 3 8192 2.000000000 2
804 68 3 8192 2.000000000 2
804 204 3 8192 2.000000000 2
804 240 3 8192 2.000000000 2
804 296 3 8192 2.000000000 2
804 512 3 8192 2.000000000 2
804 712 3 8192 2.000000000 2
804 780 3 8192 2.000000000 2
804 792 3 8192 2.000000000 2
804 848 3 8192 2.000000000 2
804 1020 3 8192 2.000000000 2
804 1156 3 8192 2.000000000 2
808 4 3 8192 2.000000000 2
808 48 3 8192 2.000000000 2
808 116 3 8192 2.000000000 2
808 208 3 8192 2.000000000 2
808 460 3 8192 2.000000000 2
808 504 3 8192 2.000000000 2
808 716 3 8192 2.000000000 2
808 824 3 8192 2.000000000 2
808 880 3 8192 2.000000000 2
808 940 3 8192 2.000000000 2
808 964 3 8192 2.000000000 2
808 1232 3 8192 2.000000000 2
808 1244 3 8192 2.000000000 2
812 136 3 8192 2.000000000 2
812 524 3 8192 2.000000000 2
812 756 3 8192 2.000000000 2
812 760 3 8192 2.000000000 2
812 768 3 8192 2.000000000 2
812 860 3 8192 2.000000000 2
812 880 3 8192 2.000000000 2
812 1224 3 8192 2.000000000 2
812 1252 3 8192 2.000000000 2
816 12 3 8192 2.000000000 2
816 464 3 8192 2.000000000 2
816 480 3 8192 2.000000000 2
816 724 3 8192 2.000000000 2
816 800 3 8192 2.000000000 2
816 1032 3 8192 2.000000000 2
816 1100 3 8192 2.000000000 2
816 1160 3 8192 2.000000000 2
816 1236 3 8192 2.000000000 2
820 108 3 8192 2.000000000 2
820 224 3 8192 2.000000000 2
820 256 3 8192 2.000000000 2
820 272 3 8192 2.000000000 2
820 464 3 8192 2.000000000 2
820 536 3 8192 2.000000000 2
820 964 3 8192 2.000000000 2
820 1184 3 8192 2.000000000 2
820 1224 3 8192 2.000000000 2
824 76 3 8192 2.000000000 2
824 100 3 8192 2.000000000 2
824 384 3 8192 2.000000000 2
824 428 3 8192 2.000000000 2
824 852 3 8192 2.000000000 2
824 872 3 8192 2.000000000 2
824 1080 3 8192 2.000000000 2
824 1172 3 8192 2.000000000 2
824 1240 3 8192 2.000000000 2
832 220 3 8192 2.000000000 2
832 272 3 8192 2.000000000 2
832 344 3 8192 2.000000000 2
832 520 3 8192 2.000000000 2
832 732 3 8192 2.000000000 2
832 808 3 8192 2.000000000 2
832 860 3 8192 2.000000000 2
836 40 3 8192 2.000000000 2
836 52 3 8192 2.000000000 2
836 376 3 8192 2.000000000 2
836 1196 3 8192 2.000000000 2
836 1228 3 8192 2.000000000 2
840 88 3 8192 2.000000000 2
840 124 3 8192 2.000000000 2
840 324 3 8192 2.000000000 2
840 632 3 8192 2.000000000 2
840 792 3 8192 2.000000000 2
840 880 3 8192 2.000000000 2
840 888 3 8192 2.000000000 2
840 916 3 8192 2.000000000 2
840 1048 3 8192 2.000000000 2
840 1104 3 8192 2.000000000 2
848 84 3 8192 2.000000000 2
848 260 3 8192 2.000000000 2
848 272 3 8192 2.000000000 2
848 316 3 8192 2.000000000 2
848 420 3 8192 2.000000000 2
848 500 3 8192 2.000000000 2
848 916 3 8192 2.000000000 2
848 1272 3 8192 2.000000000 2
852 76 3 8192 2.000000000 2
852 104 3 8192 2.000000000 2
852 292 3 8192 2.000000000 2
852 760 3 8192 2.000000000 2
852 792 3 8192 2.000000000 2
852 800 3 8192 2.000000000 2
852 836 3 8192 2.000000000 2
852 888 3 8192 2.000000000 2
852 948 3 8192 2.000000000 2
852 1116 3 8192 2.000000000 2
852 1232 3 8192 2.000000000 2
860 216 3 8192 2.000000000 2
860 224 3 8192 2.000000000 2
860 840 3 8192 2.000000000 2
860 868 3 8192 2.000000000 2
860 1064 3 8192 2.000000000 2
860 1100 3 8192 2.000000000 2
864 292 3 8192 2.000000000 2
864 488 3 8192 2.000000000 2
864 492 3 8192 2.000000000 2
864 552 3 8192 2.000000000 2
864 608 3 8192 2.000000000 2
864 708 3 8192 2.000000000 2
864 960 3 8192 2.000000000 2
864 1172 3 8192 2.000000000 2
864 1232 3 8192 2.000000000 2
868 568 3 8192 2.000000000 2
868 572 3 8192 2.000000000 2
868 588 3 8192 2.000000000 2
868 596 3 8192 2.000000000 2
868 668 3 8192 2.000000000 2
868 756 3 8192 2.000000000 2
868 996 3 8192 2.000000000 2
868 1116 3 8192 2.000000000 2
868 1120 3 8192 2.000000000 2
868 1148 3 8192 2.000000000 2
868 1156 3 8192 2.000000000 2
868 1176 3 8192 2.000000000 2
872 216 3 8192 2.000000000 2
872 224 3 8192 2.000000000 2
872 516 3 8192 2.000000000 2
872 556 3 8192 2.000000000 2
872 1236 3 8192 2.000000000 2
876 44 3 8192 2.000000000 2
876 88 3 8192 2.000000000 2
876 300 3 8192 2.000000000 2
876 552 3 8192 2.000000000 2
876 556 3 8192 2.000000000 2
876 640 3 8192 2.000000000 2
876 864 3 8192 2.000000000 2
876 872 3 8192 2.000000000 2
876 900 3 8192 2.000000000 2
876 928 3 8192 2.000000000 2
876 1096 3 8192 2.000000000 2
876 1116 3 8192 2.000000000 2
876 1184 3 8192 2.000000000 2
880 104 3 8192 2.000000000 2
880 352 3 8192 2.000000000 2
880 504 3 8192 2.000000000 2
880 548 3 8192 2.000000000 2
880 556 3 8192 2.000000000 2
880 632 3 8192 2.000000000 2
880 644 3 8192 2.000000000 2
880 824 3 8192 2.000000000 2
880 888 3 8192 2.000000000 2
880 1212 3 8192 2.000000000 2
884 12 3 8192 2.000000000 2
884 212 3 8192 2.000000000 2
884 288 3 8192 2.000000000 2
884 312 3 8192 2.000000000 2
884 476 3 8192 2.000000000 2
884 532 3 8192 2.000000000 2
884 568 3 8192 2.000000000 2
884 608 3 8192 2.000000000 2
884 760 3 8192 2.000000000 2
884 852 3 8192 2.000000000 2
884 1064 3 8192 2.000000000 2
884 1132 3 8192 2.000000000 2
884 1160 3 8192 2.000000000 2
888 260 3 8192 2.000000000 2
888 328 3 8192 2.000000000 2
888 376 3 8192 2.000000000 2
888 496 3 8192 2.000000000 2
888 512 3 8192 2.000000000 2
888 624 3 8192 2.000000000 2
888 632 3 8192 2.000000000 2
888 696 3 8192 2.000000000 2
888 760 3 8192 2.000000000 2
888 948 3 8192 2.000000000 2
888 1120 3 8192 2.000000000 2
888 1172 3 8192 2.000000000 2
892 84 3 8192 2.000000000 2
892 100 3 8192 2.000000000 2
892 256 3 8192 2.000000000 2
892 276 3 8192 2.000000000 2
892 288 3 8192 2.000000000 2
892 344 3 8192 2.000000000 2
892 424 3 8192 2.000000000 2
892 868 3 8192 2.000000000 2
892 1232 3 8192 2.000000000 2
892 1236 3 8192 2.000000000 2
896 44 3 8192 2.000000000 2
896 76 3 8192 2.000000000 2
896 344 3 8192 2.000000000 2
896 412 3 8192 2.000000000 2
896 556 3 8192 2.000000000 2
896 580 3 8192 2.000000000 2
896 668 3 8192 2.000000000 2
896 684 3 8192 2.000000000 2
896 808 3 8192 2.000000000 2
896 1104 3 8192 2.000000000 2
896 1172 3 8192 2.000000000 2
900 120 3 8192 2.000000000 2
900 328 3 8192 2.000000000 2
900 412 3 8192 2.000000000 2
900 672 3 8192 2.000000000 2
900 780 3 8192 2.000000000 2
900 816 3 8192 2.000000000 2
900 880 3 8192 2.000000000 2
900 972 3 8192 2.000000000 2
900 1100 3 8192 2.000000000 2
900 1152 3 8192 2.000000000 2
904 228 3 8192 2.000000000 2
904 420 3 8192 2.000000000 2
904 588 3 8192 2.000000000 2
904 600 3 8192 2.000000000 2
904 812 3 8192 2.000000000 2
904 836 3 8192 2.000000000 2
904 964 3 8192 2.000000000 2
904 1068 3 8192 2.000000000 2
904 1192 3 8192 2.000000000 2
912 156 3 8192 2.000000000 2
912 292 3 8192 2.000000000 2
912 448 3 8192 2.000000000 2
912 624 3 8192 2.000000000 2
912 1116 3 8192 2.000000000 2
916 224 3 8192 2.000000000 2
916 504 3 8192 2.000000000 2
916 556 3 8192 2.000000000 2
916 572 3 8192 2.000000000 2
916 640 3 8192 2.000000000 2
916 696 3 8192 2.000000000 2
916 716 3 8192 2.000000000 2
916 824 3 8192 2.000000000 2
916 1028 3 8192 2.000000000 2
916 1196 3 8192 2.000000000 2
920 68 3 8192 2.000000000 2
920 220 3 8192 2.000000000 2
920 320 3 8192 2.000000000 2
920 512 3 8192 2.000000000 2
920 780 3 8192 2.000000000 2
920 868 3 8192 2.000000000 2
920 884 3 8192 2.000000000 2
920 1196 3 8192 2.000000000 2
928 12 3 8192 2.000000000 2
928 88 3 8192 2.000000000 2
928 108 3 8192 2.000000000 2
928 144 3 8192 2.000000000 2
928 148 3 8192 2.000000000 2
928 688 3 8192 2.000000000 2
928 804 3 8192 2.000000000 2
928 848 3 8192 2.000000000 2
928 940 3 8192 2.000000000 2
928 1152 3 8192 2.000000000 2
928 1164 3 8192 2.000000000 2
936 384 3 8192 2.000000000 2
936 664 3 8192 2.000000000 2
936 684 3 8192 2.000000000 2
936 784 3 8192 2.000000000 2
936 824 3 8192 2.000000000 2
936 1116 3 8192 2.000000000 2
936 1128 3 8192 2.000000000 2
936 1168 3 8192 2.000000000 2
936 1244 3 8192 2.000000000 2
940 72 3 8192 2.000000000 2
940 96 3 8192 2.000000000 2
940 132 3 8192 2.000000000 2
940 144 3 8192 2.000000000 2
940 180 3 8192 2.000000000 2
940 236 3 8192 2.000000000 2
940 288 3 8192 2.000000000 2
940 312 3 8192 2.000000000 2
940 448 3 8192 2.000000000 2
940 644 3 8192 2.000000000 2
940 728 3 8192 2.000000000 2
940 972 3 8192 2.000000000 2
940 1052 3 8192 2.000000000 2
940 1056 3 8192 2.000000000 2
944 184 3 8192 2.000000000 2
944 348 3 8192 2.000000000 2
944 468 3 8192 2.000000000 2
944 600 3 8192 2.000000000 2
944 888 3 8192 2.000000000 2
944 904 3 8192 2.000000000 2
944 912 3 8192 2.000000000 2
944 1004 3 8192 2.000000000 2
944 1012 3 8192 2.000000000 2
948 200 3 8192 2.000000000 2
948 472 3 8192 2.000000000 2
948 560 3 8192 2.000000000 2
948 692 3 8192 2.000000000 2
948 780 3 8192 2.000000000 2
948 792 3 8192 2.000000000 2
948 804 3 8192 2.000000000 2
948 876 3 8192 2.000000000 2
948 888 3 8192 2.000000000 2
948 916 3 8192 2.000000000 2
960 256 3 8192 2.000000000 2
960 556 3 8192 2.000000000 2
960 708 3 8192 2.000000000 2
960 868 3 8192 2.000000000 2
960 892 3 8192 2.000000000 2
960 972 3 8192 2.000000000 2
960 1056 3 8192 2.000000000 2
964 32 3 8192 2.000000000 2
964 136 3 8192 2.000000000 2
964 220 3 8192 2.000000000 2
964 440 3 8192 2.000000000 2
964 596 3 8192 2.000000000 2
964 616 3 8192 2.000000000 2
964 640 3 8192 2.000000000 2
964 700 3 8192 2.000000000 2
964 704 3 8192 2.000000000 2
964 820 3 8192 2.000000000 2
964 836 3 8192 2.000000000 2
964 1036 3 8192 2.000000000 2
964 1132 3 8192 2.000000000 2
968 12 3 8192 2.000000000 2
968 52 3 8192 2.000000000 2
968 368 3 8192 2.000000000 2
968 696 3 8192 2.000000000 2
968 780 3 8192 2.000000000 2
968 916 3 8192 2.000000000 2
968 1232 3 8192 2.000000000 2
968 1272 3 8192 2.000000000 2
972 88 3 8192 2.000000000 2
972 420 3 8192 2.000000000 2
972 484 3 8192 2.000000000 2
972 900 3 8192 2.000000000 2
972 920 3 8192 2.000000000 2
972 1096 3 8192 2.000000000 2
972 1128 3 8192 2.000000000 2
972 1148 3 8192 2.000000000 2
972 1184 3 8192 2.000000000 2
972 1204 3 8192 2.000000000 2
980 64 3 8192 2.000000000 2
980 312 3 8192 2.000000000 2
980 460 3 8192 2.000000000 2
980 600 3 8192 2.000000000 2
980 604 3 8192 2.000000000 2
980 616 3 8192 2.000000000 2
980 832 3 8192 2.000000000 2
980 912 3 8192 2.000000000 2
980 940 3 8192 2.000000000 2
980 944 3 8192 2.000000000 2
984 16 3 8192 2.000000000 2
984 92 3 8192 2.000000000 2
984 196 3 8192 2.000000000 2
984 304 3 8192 2.000000000 2
984 520 3 8192 2.000000000 2
984 524 3 8192 2.000000000 2
984 592 3 8192 2.000000000 2
984 624 3 8192 2.000000000 2
984 732 3 8192 2.000000000 2
984 852 3 8192 2.000000000 2
984 868 3 8192 2.000000000 2
984 916 3 8192 2.000000000 2
984 936 3 8192 2.000000000 2
984 1224 3 8192 2.000000000 2
988 312 3 8192 2.000000000 2
988 344 3 8192 2.000000000 2
988 792 3 8192 2.000000000 2
988 1192 3 8192 2.000000000 2
988 1228 3 8192 2.000000000 2
996 76 3 8192 2.000000000 2
996 224 3 8192 2.000000000 2
996 368 3 8192 2.000000000 2
996 508 3 8192 2.000000000 2
996 684 3 8192 2.000000000 2
996 780 3 8192 2.000000000 2
996 832 3 8192 2.000000000 2
996 1232 3 8192 2.000000000 2
996 1256 3 8192 2.000000000 2
1004 464 3 8192 2.000000000 2
1004 640 3 8192 2.000000000 2
1004 940 3 8192 2.000000000 2
1004 1052 3 8192 2.000000000 2
1004 1160 3 8192 2.000000000 2
1004 1244 3 8192 2.000000000 2
1004 1272 3 8192 2.000000000 2
1008 376 3 8192 2.000000000 2
1008 688 3 8192 2.000000000 2
1008 928 3 8192 2.000000000 2
1008 1152 3 8192 2.000000000 2
1008 1192 3 8192 2.000000000 2
1012 88 3 8192 2.000000000 2
1012 96 3 8192 2.000000000 2
1012 428 3 8192 2.000000000 2
1012 756 3 8192 2.000000000 2
1012 980 3 8192 2.000000000 2
1012 1192 3 8192 2.000000000 2
1012 1244 3 8192 2.000000000 2
1012 1260 3 8192 2.000000000 2
1020 132 3 8192 2.000000000 2
1020 208 3 8192 2.000000000 2
1020 252 3 8192 2.000000000 2
1020 288 3 8192 2.000000000 2
1020 296 3 8192 2.000000000 2
1020 428 3 8192 2.000000000 2
1020 580 3 8192 2.000000000 2
1020 756 3 8192 2.000000000 2
1020 820 3 8192 2.000000000 2
1020 864 3 8192 2.000000000 2
1020 1252 3 8192 2.000000000 2
1024 120 3 8192 2.000000000 2
1024 480 3 8192 2.000000000 2
1024 692 3 8192 2.000000000 2
1024 712 3 8192 2.000000000 2
1024 816 3 8192 2.000000000 2
1024 1060 3 8192 2.000000000 2
1024 1104 3 8192 2.000000000 2
1028 24 3 8192 2.000000000 2
1028 68 3 8192 2.000000000 2
1028 72 3 8192 2.000000000 2
1028 216 3 8192 2.000000000 2
1028 524 3 8192 2.000000000 2
1028 784 3 8192 2.000000000 2
1028 904 3 8192 2.000000000 2
1028 1196 3 8192 2.000000000 2
1028 1228 3 8192 2.000000000 2
1028 1252 3 8192 2.000000000 2
1032 64 3 8192 2.000000000 2
1032 80 3 8192 2.000000000 2
1032 292 3 8192 2.000000000 2
1032 316 3 8192 2.000000000 2
1032 988 3 8192 2.000000000 2
1032 1052 3 8192 2.000000000 2
1032 1212 3 8192 2.000000000 2
1032 1272 3 8192 2.000000000 2
1036 16 3 8192 2.000000000 2
1036 72 3 8192 2.000000000 2
1036 136 3 8192 2.000000000 2
1036 272 3 8192 2.000000000 2
1036 352 3 8192 2.000000000 2
1036 708 3 8192 2.000000000 2
1036 744 3 8192 2.000000000 2
1036 796 3 8192 2.000000000 2
1036 852 3 8192 2.000000000 2
1036 876 3 8192 2.000000000 2
1036 920 3 8192 2.000000000 2
1036 1156 3 8192 2.000000000 2
1036 1204 3 8192 2.000000000 2
1048 160 3 8192 2.000000000 2
1048 212 3 8192 2.000000000 2
1048 544 3 8192 2.000000000 2
1048 712 3 8192 2.000000000 2
1048 724 3 8192 2.000000000 2
1048 840 3 8192 2.000000000 2
1048 1068 3 8192 2.000000000 2
1048 1132 3 8192 2.000000000 2
1052 84 3 8192 2.000000000 2
1052 104 3 8192 2.000000000 2
1052 288 3 8192 2.000000000 2
1052 344 3 8192 2.000000000 2
1052 488 3 8192 2.000000000 2
1052 512 3 8192 2.000000000 2
1052 580 3 8192 2.000000000 2
1052 848 3 8192 2.000000000 2
1052 972 3 8192 2.000000000 2
1052 1132 3 8192 2.000000000 2
1052 1244 3 8192 2.000000000 2
1052 1276 3 8192 2.000000000 2
1056 12 3 8192 2.000000000 2
1056 108 3 8192 2.000000000 2
1056 304 3 8192 2.000000000 2
1056 536 3 8192 2.000000000 2
1056 1060 3 8192 2.000000000 2
1060 92 3 8192 2.000000000 2
1060 652 3 8192 2.000000000 2
1060 672 3 8192 2.000000000 2
1060 808 3 8192 2.000000000 2
1060 984 3 8192 2.000000000 2
1060 1072 3 8192 2.000000000 2
1060 1172 3 8192 2.000000000 2
1060 1236 3 8192 2.000000000 2
1064 20 3 8192 2.000000000 2
1064 44 3 8192 2.000000000 2
1064 360 3 8192 2.000000000 2
1064 668 3 8192 2.000000000 2
1064 860 3 8192 2.000000000 2
1064 1084 3 8192 2.000000000 2
1064 1092 3 8192 2.000000000 2
1064 1136 3 8192 2.000000000 2
1064 1172 3 8192 2.000000000 2
1068 0 3 8192 2.000000000 2
1068 264 3 8192 2.000000000 2
1068 504 3 8192 2.000000000 2
1068 572 3 8192 2.000000000 2
1068 652 3 8192 2.000000000 2
1068 864 3 8192 2.000000000 2
1068 1100 3 8192 2.000000000 2
1068 1140 3 8192 2.000000000 2
1068 1152 3 8192 2.000000000 2
1068 1256 3 8192 2.000000000 2
1072 104 3 8192 2.000000000 2
1072 132 3 8192 2.000000000 2
1072 488 3 8192 2.000000000 2
1072 716 3 8192 2.000000000 2
1072 868 3 8192 2.000000000 2
1072 980 3 8192 2.000000000 2
1072 1036 3 8192 2.000000000 2
1072 1164 3 8192 2.000000000 2
1072 1232 3 8192 2.000000000 2
1076 64 3 8192 2.000000000 2
1076 136 3 8192 2.000000000 2
1076 196 3 8192 2.000000000 2
1076 236 3 8192 2.000000000 2
1076 276 3 8192 2.000000000 2
1076 428 3 8192 2.000000000 2
1076 468 3 8192 2.000000000 2
1076 588 3 8192 2.000000000 2
1076 768 3 8192 2.000000000 2
1076 876 3 8192 2.000000000 2
1076 936 3 8192 2.000000000 2
1076 1060 3 8192 2.000000000 2
1080 64 3 8192 2.000000000 2
1080 68 3 8192 2.000000000 2
1080 364 3 8192 2.000000000 2
1080 664 3 8192 2.000000000 2
1080 728 3 8192 2.000000000 2
1080 1096 3 8192 2.000000000 2
1080 1276 3 8192 2.000000000 2
1084 124 3 8192 2.000000000 2
1084 136 3 8192 2.000000000 2
1084 652 3 8192 2.000000000 2
1084 808 3 8192 2.000000000 2
1084 936 3 8192 2.000000000 2
1084 948 3 8192 2.000000000 2
1084 1128 3 8192 2.000000000 2
1084 1152 3 8192 2.000000000 2
1084 1168 3 8192 2.000000000 2
1084 1176 3 8192 2.000000000 2
1084 1192 3 8192 2.000000000 2
1084 1204 3 8192 2.000000000 2
1088 104 3 8192 2.000000000 2
1088 180 3 8192 2.000000000 2
1088 316 3 8192 2.000000000 2
1088 348 3 8192 2.000000000 2
1088 516 3 8192 2.000000000 2
1088 752 3 8192 2.000000000 2
1088 864 3 8192 2.000000000 2
1088 968 3 8192 2.000000000 2
1088 1136 3 8192 2.000000000 2
1088 1156 3 8192 2.000000000 2
1092 148 3 8192 2.000000000 2
1092 196 3 8192 2.000000000 2
1092 240 3 8192 2.000000000 2
1092 328 3 8192 2.000000000 2
1092 444 3 8192 2.000000000 2
1092 1032 3 8192 2.000000000 2
1092 1184 3 8192 2.000000000 2
1096 160 3 8192 2.000000000 2
1096 320 3 8192 2.000000000 2
1096 328 3 8192 2.000000000 2
1096 428 3 8192 2.000000000 2
1096 480 3 8192 2.000000000 2
1096 544 3 8192 2.000000000 2
1096 1072 3 8192 2.000000000 2
1096 1116 3 8192 2.000000000 2
1096 1160 3 8192 2.000000000 2
1096 1236 3 8192 2.000000000 2
1100 52 3 8192 2.000000000 2
1100 64 3 8192 2.000000000 2
1100 344 3 8192 2.000000000 2
1100 468 3 8192 2.000000000 2
1100 556 3 8192 2.000000000 2
1100 568 3 8192 2.000000000 2
1100 580 3 8192 2.000000000 2
1100 980 3 8192 2.000000000 2
1100 1236 3 8192 2.000000000 2
1104 0 3 8192 2.000000000 2
1104 32 3 8192 2.000000000 2
1104 80 3 8192 2.000000000 2
1104 84 3 8192 2.000000000 2
1104 124 3 8192 2.000000000 2
1104 208 3 8192 2.000000000 2
1104 396 3 8192 2.000000000 2
1104 428 3 8192 2.000000000 2
1104 808 3 8192 2.000000000 2
1104 892 3 8192 2.000000000 2
1112 64 3 8192 2.000000000 2
1112 344 3 8192 2.000000000 2
1112 420 3 8192 2.000000000 2
1112 500 3 8192 2.000000000 2
1112 508 3 8192 2.000000000 2
1112 948 3 8192 2.000000000 2
1112 988 3 8192 2.000000000 2
1112 1004 3 8192 2.000000000 2
1112 1244 3 8192 2.000000000 2
1116 76 3 8192 2.000000000 2
1116 696 3 8192 2.000000000 2
1116 744 3 8192 2.000000000 2
1116 1176 3 8192 2.000000000 2
1120 516 3 8192 2.000000000 2
1120 608 3 8192 2.000000000 2
1120 768 3 8192 2.000000000 2
1120 916 3 8192 2.000000000 2
1120 940 3 8192 2.000000000 2
1120 1128 3 8192 2.000000000 2
1120 1224 3 8192 2.000000000 2
1128 48 3 8192 2.000000000 2
1128 268 3 8192 2.000000000 2
1128 276 3 8192 2.000000000 2
1128 484 3 8192 2.000000000 2
1128 588 3 8192 2.000000000 2
1128 1056 3 8192 2.000000000 2
1128 1112 3 8192 2.000000000 2
1128 1188 3 8192 2.000000000 2
1128 1236 3 8192 2.000000000 2
1132 148 3 8192 2.000000000 2
1132 488 3 8192 2.000000000 2
1132 600 3 8192 2.000000000 2
1132 784 3 8192 2.000000000 2
1132 808 3 8192 2.000000000 2
1132 816 3 8192 2.000000000 2
1132 852 3 8192 2.000000000 2
1132 964 3 8192 2.000000000 2
1132 1128 3 8192 2.000000000 2
1132 1196 3 8192 2.000000000 2
1132 1256 3 8192 2.000000000 2
1132 1276 3 8192 2.000000000 2
1136 44 3 8192 2.000000000 2
1136 96 3 8192 2.000000000 2
1136 104 3 8192 2.000000000 2
1136 124 3 8192 2.000000000 2
1136 184 3 8192 2.000000000 2
1136 196 3 8192 2.000000000 2
1136 440 3 8192 2.000000000 2
1136 456 3 8192 2.000000000 2
1136 464 3 8192 2.000000000 2
1136 536 3 8192 2.000000000 2
1136 596 3 8192 2.000000000 2
1136 904 3 8192 2.000000000 2
1136 964 3 8192 2.000000000 2
1136 1080 3 8192 2.000000000 2
1136 1160 3 8192 2.000000000 2
1136 1276 3 8192 2.000000000 2
1140 68 3 8192 2.000000000 2
1140 172 3 8192 2.000000000 2
1140 184 3 8192 2.000000000 2
1140 300 3 8192 2.000000000 2
1140 376 3 8192 2.000000000 2
1140 472 3 8192 2.000000000 2
1140 544 3 8192 2.000000000 2
1140 548 3 8192 2.000000000 2
1140 640 3 8192 2.000000000 2
1140 820 3 8192 2.000000000 2
1148 236 3 8192 2.000000000 2
1148 296 3 8192 2.000000000 2
1148 412 3 8192 2.000000000 2
1148 484 3 8192 2.000000000 2
1148 560 3 8192 2.000000000 2
1148 568 3 8192 2.000000000 2
1148 1048 3 8192 2.000000000 2
1148 1200 3 8192 2.000000000 2
1148 1252 3 8192 2.000000000 2
1148 1276 3 8192 2.000000000 2
1152 60 3 8192 2.000000000 2
1152 96 3 8192 2.000000000 2
1152 520 3 8192 2.000000000 2
1152 592 3 8192 2.000000000 2
1152 684 3 8192 2.000000000 2
1152 852 3 8192 2.000000000 2
1152 880 3 8192 2.000000000 2
1152 928 3 8192 2.000000000 2
1152 1008 3 8192 2.000000000 2
1156 4 3 8192 2.000000000 2
1156 76 3 8192 2.000000000 2
1156 296 3 8192 2.000000000 2
1156 344 3 8192 2.000000000 2
1156 484 3 8192 2.000000000 2
1156 596 3 8192 2.000000000 2
1156 692 3 8192 2.000000000 2
1156 1052 3 8192 2.000000000 2
1156 1084 3 8192 2.000000000 2
1156 1092 3 8192 2.000000000 2
1156 1172 3 8192 2.000000000 2
1156 1236 3 8192 2.000000000 2
1160 0 3 8192 2.000000000 2
1160 392 3 8192 2.000000000 2
1160 512 3 8192 2.000000000 2
1160 536 3 8192 2.000000000 2
1160 596 3 8192 2.000000000 2
1160 652 3 8192 2.000000000 2
1160 880 3 8192 2.000000000 2
1160 888 3 8192 2.000000000 2
1164 160 3 8192 2.000000000 2
1164 184 3 8192 2.000000000 2
1164 484 3 8192 2.000000000 2
1164 488 3 8192 2.000000000 2
1164 508 3 8192 2.000000000 2
1164 792 3 8192 2.000000000 2
1164 876 3 8192 2.000000000 2
1164 948 3 8192 2.000000000 2
1164 1004 3 8192 2.000000000 2
1164 1160 3 8192 2.000000000 2
1168 64 3 8192 2.000000000 2
1168 460 3 8192 2.000000000 2
1168 580 3 8192 2.000000000 2
1168 1172 3 8192 2.000000000 2
1168 1224 3 8192 2.000000000 2
1172 684 3 8192 2.000000000 2
1172 852 3 8192 2.000000000 2
1172 860 3 8192 2.000000000 2
1172 1052 3 8192 2.000000000 2
1172 1080 3 8192 2.000000000 2
1172 1116 3 8192 2.000000000 2
1176 8 3 8192 2.000000000 2
1176 40 3 8192 2.000000000 2
1176 144 3 8192 2.000000000 2
1176 212 3 8192 2.000000000 2
1176 420 3 8192 2.000000000 2
1176 708 3 8192 2.000000000 2
1176 1096 3 8192 2.000000000 2
1184 424 3 8192 2.000000000 2
1184 536 3 8192 2.000000000 2
1184 544 3 8192 2.000000000 2
1184 972 3 8192 2.000000000 2
1184 1220 3 8192 2.000000000 2
1188 92 3 8192 2.000000000 2
1188 180 3 8192 2.000000000 2
1188 216 3 8192 2.000000000 2
1188 316 3 8192 2.000000000 2
1188 324 3 8192 2.000000000 2
1188 536 3 8192 2.000000000 2
1188 588 3 8192 2.000000000 2
1188 756 3 8192 2.000000000 2
1188 780 3 8192 2.000000000 2
1188 900 3 8192 2.000000000 2
1188 1024 3 8192 2.000000000 2
1188 1032 3 8192 2.000000000 2
1188 1088 3 8192 2.000000000 2
1188 1240 3 8192 2.000000000 2
1192 52 3 8192 2.000000000 2
1192 80 3 8192 2.000000000 2
1192 320 3 8192 2.000000000 2
1192 352 3 8192 2.000000000 2
1192 560 3 8192 2.000000000 2
1192 644 3 8192 2.000000000 2
1192 700 3 8192 2.000000000 2
1192 724 3 8192 2.000000000 2
1192 1088 3 8192 2.000000000 2
1196 324 3 8192 2.000000000 2
1196 420 3 8192 2.000000000 2
1196 496 3 8192 2.000000000 2
1196 516 3 8192 2.000000000 2
1196 532 3 8192 2.000000000 2
1196 552 3 8192 2.000000000 2
1196 572 3 8192 2.000000000 2
1196 832 3 8192 2.000000000 2
1196 988 3 8192 2.000000000 2
1196 996 3 8192 2.000000000 2
1196 1076 3 8192 2.000000000 2
1196 1080 3 8192 2.000000000 2
1200 472 3 8192 2.000000000 2
1200 588 3 8192 2.000000000 2
1200 704 3 8192 2.000000000 2
1200 712 3 8192 2.000000000 2
1200 852 3 8192 2.000000000 2
1200 920 3 8192 2.000000000 2
1200 980 3 8192 2.000000000 2
1200 1112 3 8192 2.000000000 2
1200 1228 3 8192 2.000000000 2
1200 1260 3 8192 2.000000000 2
1204 120 3 8192 2.000000000 2
1204 264 3 8192 2.000000000 2
1204 664 3 8192 2.000000000 2
1204 872 3 8192 2.000000000 2
1204 996 3 8192 2.000000000 2
1204 1140 3 8192 2.000000000 2
1212 52 3 8192 2.000000000 2
1212 208 3 8192 2.000000000 2
1212 244 3 8192 2.000000000 2
1212 264 3 8192 2.000000000 2
1212 360 3 8192 2.000000000 2
1212 420 3 8192 2.000000000 2
1212 696 3 8192 2.000000000 2
1212 1196 3 8192 2.000000000 2
1212 1240 3 8192 2.000000000 2
1216 68 3 8192 2.000000000 2
1216 92 3 8192 2.000000000 2
1216 652 3 8192 2.000000000 2
1216 1104 3 8192 2.000000000 2
1220 16 3 8192 2.000000000 2
1220 76 3 8192 2.000000000 2
1220 800 3 8192 2.000000000 2
1220 880 3 8192 2.000000000 2
1220 888 3 8192 2.000000000 2
1220 1092 3 8192 2.000000000 2
1220 1120 3 8192 2.000000000 2
1220 1172 3 8192 2.000000000 2
1220 1216 3 8192 2.000000000 2
1224 4 3 8192 2.000000000 2
1224 144 3 8192 2.000000000 2
1224 280 3 8192 2.000000000 2
1224 300 3 8192 2.000000000 2
1224 348 3 8192 2.000000000 2
1224 444 3 8192 2.000000000 2
1224 496 3 8192 2.000000000 2
1224 596 3 8192 2.000000000 2
1224 700 3 8192 2.000000000 2
1224 704 3 8192 2.000000000 2
1224 744 3 8192 2.000000000 2
1224 868 3 8192 2.000000000 2
1224 876 3 8192 2.000000000 2
1224 1064 3 8192 2.000000000 2
1224 1112 3 8192 2.000000000 2
1224 1188 3 8192 2.000000000 2
1228 216 3 8192 2.000000000 2
1228 280 3 8192 2.000000000 2
1228 424 3 8192 2.000000000 2
1228 652 3 8192 2.000000000 2
1228 780 3 8192 2.000000000 2
1228 860 3 8192 2.000000000 2
1228 920 3 8192 2.000000000 2
1228 1204 3 8192 2.000000000 2
1232 148 3 8192 2.000000000 2
1232 312 3 8192 2.000000000 2
1232 600 3 8192 2.000000000 2
1232 728 3 8192 2.000000000 2
1232 732 3 8192 2.000000000 2
1232 880 3 8192 2.000000000 2
1232 1084 3 8192 2.000000000 2
1232 1136 3 8192 2.000000000 2
1236 108 3 8192 2.000000000 2
1236 300 3 8192 2.000000000 2
1236 444 3 8192 2.000000000 2
1236 448 3 8192 2.000000000 2
1236 512 3 8192 2.000000000 2
1236 528 3 8192 2.000000000 2
1236 876 3 8192 2.000000000 2
1236 904 3 8192 2.000000000 2
1236 1028 3 8192 2.000000000 2
1240 236 3 8192 2.000000000 2
1240 272 3 8192 2.000000000 2
1240 428 3 8192 2.000000000 2
1240 524 3 8192 2.000000000 2
1240 600 3 8192 2.000000000 2
1240 1252 3 8192 2.000000000 2
1244 68 3 8192 2.000000000 2
1244 88 3 8192 2.000000000 2
1244 100 3 8192 2.000000000 2
1244 280 3 8192 2.000000000 2
1244 536 3 8192 2.000000000 2
1244 596 3 8192 2.000000000 2
1244 852 3 8192 2.000000000 2
1244 980 3 8192 2.000000000 2
1252 72 3 8192 2.000000000 2
1252 280 3 8192 2.000000000 2
1252 804 3 8192 2.000000000 2
1252 820 3 8192 2.000000000 2
1252 904 3 8192 2.000000000 2
1252 964 3 8192 2.000000000 2
1252 1036 3 8192 2.000000000 2
1252 1152 3 8192 2.000000000 2
1252 1192 3 8192 2.000000000 2
1252 1264 3 8192 2.000000000 2
1256 184 3 8192 2.000000000 2
1256 280 3 8192 2.000000000 2
1256 496 3 8192 2.000000000 2
1256 560 3 8192 2.000000000 2
1256 968 3 8192 2.000000000 2
1256 1136 3 8192 2.000000000 2
1256 1152 3 8192 2.000000000 2
1256 1176 3 8192 2.000000000 2
1256 1236 3 8192 2.000000000 2
1260 48 3 8192 2.000000000 2
1260 72 3 8192 2.000000000 2
1260 136 3 8192 2.000000000 2
1260 352 3 8192 2.000000000 2
1260 1036 3 8192 2.000000000 2
1260 1212 3 8192 2.000000000 2
1264 88 3 8192 2.000000000 2
1264 244 3 8192 2.000000000 2
1264 328 3 8192 2.000000000 2
1264 408 3 8192 2.000000000 2
1264 424 3 8192 2.000000000 2
1264 472 3 8192 2.000000000 2
1264 496 3 8192 2.000000000 2
1264 520 3 8192 2.000000000 2
1264 596 3 8192 2.000000000 2
1264 860 3 8192 2.000000000 2
1264 928 3 8192 2.000000000 2
1264 1032 3 8192 2.000000000 2
1264 1036 3 8192 2.000000000 2
1264 1196 3 8192 2.000000000 2
1264 1260 3 8192 2.000000000 2
1272 220 3 8192 2.000000000 2
1272 272 3 8192 2.000000000 2
1272 280 3 8192 2.000000000 2
1272 324 3 8192 2.000000000 2
1272 360 3 8192 2.000000000 2
1272 644 3 8192 2.000000000 2
1272 708 3 8192 2.000000000 2
1272 836 3 8192 2.000000000 2
1272 864 3 8192 2.000000000 2
1272 928 3 8192 2.000000000 2
1272 1008 3 8192 2.000000000 2
1272 1060 3 8192 2.000000000 2
1272 1096 3 8192 2.000000000 2
1276 288 3 8192 2.000000000 2
1276 456 3 8192 2.000000000 2
1276 960 3 8192 2.000000000 2
