40
0 104 3 8192 2.000000000 2
0 104 3 8192 2.000000000 2
0 104 3 8192 2.000000000 2
0 104 3 8192 2.000000000 2
0 104 3 8192 2.000000000 2
0 104 3 8192 2.000000000 2
0 104 3 8192 2.000000000 2
0 104 3 8192 2.000000000 2
0 104 3 8192 2.000000000 2
0 104 3 8192 2.000000000 2
0 104 3 8192 2.000000000 2
0 104 3 8192 2.000000000 2
0 104 3 8192 2.000000000 2
0 104 3 8192 2.000000000 2
0 104 3 8192 2.000000000 2
0 104 3 8192 2.000000000 2
0 104 3 8192 2.000000000 2
0 104 3 8192 2.000000000 2
0 104 3 8192 2.000000000 2
0 104 3 8192 2.000000000 2
0 104 3 8192 2.000000000 2
0 104 3 8192 2.000000000 2
0 104 3 8192 2.000000000 2
0 104 3 8192 2.000000000 2
0 104 3 8192 2.000000000 2
0 104 3 8192 2.000000000 2
0 104 3 8192 2.000000000 2
0 104 3 8192 2.000000000 2
0 104 3 8192 2.000000000 2
0 104 3 8192 2.000000000 2
0 104 3 8192 2.000000000 2
0 104 3 8192 2.000000000 2
1 104 3 8388608 2.000000000 1
2 104 3 8388608 2.000000000 1
3 104 3 8388608 2.000000000 1
4 104 3 8388608 2.000000000 1
8 112 3 8192 2.000050000 2
8 112 3 8192 2.000050000 2
9 116 3 8192 2.000050000 2
10 120 3 8192 2.000050000 2
