30
5 12 0 3 64 24 0 0 3 8192 2000000570 2
1 12 2 0 16 64 0 0 3 8192 2000001201 2
4 12 1 3 208 24 0 0 3 262144 2000001366 2
0 12 0 1 64 208 0 0 3 8192 2000001919 2
9 12 3 0 24 64 0 0 3 131072 2000003224 2
3 12 2 1 16 208 0 0 3 1048576 2000003978 1
8 12 1 2 208 16 0 0 3 131072 2000004015 2
6 12 3 2 24 16 0 0 3 131072 2000004089 2
2 12 2 3 16 24 0 0 3 1048576 2000004498 1
7 12 0 2 64 16 0 0 3 65536 2000004516 2
14 12 2 1 16 208 0 0 3 1048576 2000030282 1
10 12 3 1 24 208 0 0 3 1048576 2000030306 1
15 12 3 2 24 16 0 0 3 8192 2000030415 2
19 12 0 1 64 208 0 0 3 8192 2000031168 2
17 12 3 1 24 208 0 0 3 65536 2000031412 2
11 12 1 0 208 64 0 0 3 131072 2000031555 2
18 12 3 2 24 16 0 0 3 131072 2000032023 2
16 12 1 0 208 64 0 0 3 8192 2000032179 2
12 12 2 1 16 208 0 0 3 1048576 2000033304 1
13 12 0 3 64 24 0 0 3 65536 2000034546 2
21 12 2 3 16 24 0 0 3 65536 2000060317 2
27 12 1 3 208 24 0 0 3 262144 2000061071 2
24 12 2 3 16 24 0 0 3 262144 2000061350 2
20 12 3 2 24 16 0 0 3 8192 2000061511 2
23 12 3 0 24 64 0 0 3 8192 2000062191 2
26 12 0 3 64 24 0 0 3 8192 2000062634 2
22 12 3 0 24 64 0 0 3 8192 2000063201 2
28 12 2 3 16 24 0 0 3 131072 2000063283 2
29 12 0 3 64 24 0 0 3 262144 2000063301 2
25 12 2 3 16 24 0 0 3 8192 2000064401 2
