30
2 9 1 0 80 128 0 0 3 8192 2000000326 2
6 9 2 0 216 128 0 0 3 65536 2000000392 2
3 9 0 1 128 80 0 0 3 262144 2000000613 2
0 9 2 3 216 8 0 0 3 1048576 2000001316 1
7 9 2 1 216 80 0 0 3 8192 2000002500 2
4 9 1 2 80 216 0 0 3 65536 2000002946 2
9 9 3 2 8 216 0 0 3 1048576 2000003453 1
1 9 0 2 128 216 0 0 3 131072 2000003466 2
8 9 3 0 8 128 0 0 3 65536 2000004027 2
5 9 1 3 80 8 0 0 3 1048576 2000004173 1
16 9 3 0 8 128 0 0 3 1048576 2000030406 1
10 9 3 1 8 80 0 0 3 8192 2000030649 2
19 9 1 2 80 216 0 0 3 131072 2000031633 2
17 9 3 1 8 80 0 0 3 8192 2000031892 2
14 9 3 0 8 128 0 0 3 65536 2000032369 2
11 9 0 3 128 8 0 0 3 131072 2000033582 2
15 9 3 0 8 128 0 0 3 1048576 2000034078 1
13 9 0 3 128 8 0 0 3 8192 2000034464 2
12 9 2 0 216 128 0 0 3 8192 2000034807 2
18 9 1 0 80 128 0 0 3 131072 2000034963 2
25 9 1 3 80 8 0 0 3 262144 2000060461 2
20 9 1 3 80 8 0 0 3 8192 2000060872 2
29 9 2 3 216 8 0 0 3 131072 2000061007 2
22 9 2 0 216 128 0 0 3 65536 2000061400 2
24 9 1 3 80 8 0 0 3 1048576 2000062086 1
28 9 0 3 128 8 0 0 3 8192 2000062776 2
26 9 2 3 216 8 0 0 3 131072 2000063057 2
21 9 3 2 8 216 0 0 3 8192 2000063299 2
23 9 0 1 128 80 0 0 3 65536 2000063924 2
27 9 2 3 216 8 0 0 3 131072 2000064506 2
