30
5 1 0 2 144 152 0 0 3 65536 2000000929 2
6 1 0 3 144 192 0 0 3 1048576 2000001473 1
2 1 2 0 152 144 0 0 3 262144 2000001565 2
8 1 3 0 192 144 0 0 3 65536 2000001923 2
7 1 0 1 144 8 0 0 3 65536 2000001930 2
0 1 3 1 192 8 0 0 3 131072 2000002640 2
4 1 3 2 192 152 0 0 3 8192 2000003024 2
3 1 2 3 152 192 0 0 3 65536 2000004402 2
9 1 1 3 8 192 0 0 3 65536 2000004529 2
1 1 2 1 152 8 0 0 3 8192 2000004572 2
18 1 0 3 144 192 0 0 3 8192 2000030263 2
17 1 1 0 8 144 0 0 3 262144 2000030653 2
14 1 2 1 152 8 0 0 3 8192 2000031761 2
11 1 1 2 8 152 0 0 3 131072 2000032457 2
13 1 2 0 152 144 0 0 3 8192 2000032705 2
12 1 2 1 152 8 0 0 3 131072 2000032732 2
10 1 1 0 8 144 0 0 3 8192 2000032996 2
16 1 2 3 152 192 0 0 3 8192 2000033134 2
15 1 2 1 152 8 0 0 3 1048576 2000033465 1
19 1 1 2 8 152 0 0 3 8192 2000034270 2
28 1 1 3 8 192 0 0 3 8192 2000060496 2
23 1 1 0 8 144 0 0 3 8192 2000060513 2
21 1 2 3 152 192 0 0 3 8192 2000061382 2
26 1 1 3 8 192 0 0 3 8192 2000062505 2
29 1 1 3 8 192 0 0 3 8192 2000062958 2
20 1 1 2 8 152 0 0 3 262144 2000063024 2
24 1 1 3 8 192 0 0 3 8192 2000063153 2
27 1 1 3 8 192 0 0 3 131072 2000063762 2
25 1 2 3 152 192 0 0 3 65536 2000064108 2
22 1 3 0 192 144 0 0 3 65536 2000064626 2
