30
1 6 0 1 136 8 1 1 3 1048576 2000000573 1
5 6 3 0 208 136 1 1 3 131072 2000001068 2
6 6 2 3 64 208 2 2 3 8192 2000001679 2
3 6 3 2 208 64 3 3 3 262144 2000001885 2
8 6 0 3 136 208 0 0 3 262144 2000003039 2
4 6 1 0 8 136 0 0 3 262144 2000003490 2
2 6 1 3 8 208 2 2 3 262144 2000003634 2
0 6 2 1 64 8 0 0 3 65536 2000003736 2
9 6 1 2 8 64 1 1 3 1048576 2000003925 1
7 6 2 0 64 136 3 3 3 65536 2000004421 2
12 6 2 1 64 8 0 0 3 65536 2000030089 2
11 6 3 1 208 8 3 3 3 65536 2000030379 2
18 6 1 0 8 136 2 2 3 1048576 2000030929 1
15 6 3 2 208 64 3 3 3 1048576 2000031089 1
17 6 3 0 208 136 1 1 3 1048576 2000031661 1
14 6 2 0 64 136 2 2 3 65536 2000032162 2
10 6 0 2 136 64 2 2 3 1048576 2000032276 1
13 6 3 2 208 64 1 1 3 131072 2000032506 2
19 6 2 1 64 8 3 3 3 262144 2000032562 2
16 6 1 3 8 208 0 0 3 8192 2000034415 2
28 6 0 1 136 8 0 0 3 1048576 2000060714 1
27 6 3 1 208 8 3 3 3 1048576 2000060801 1
29 6 3 1 208 8 1 1 3 8192 2000060916 2
20 6 2 3 64 208 0 0 3 8192 2000061081 2
21 6 1 3 8 208 1 1 3 8192 2000062093 2
24 6 2 1 64 8 0 0 3 131072 2000062323 2
25 6 0 1 136 8 1 1 3 262144 2000062602 2
22 6 3 0 208 136 2 2 3 65536 2000062669 2
23 6 3 2 208 64 3 3 3 8192 2000062977 2
26 6 3 1 208 8 2 2 3 131072 2000063046 2
