30
8 7 1 3 0 64 0 0 3 131072 2000001090 2
0 7 0 3 16 64 0 0 3 65536 2000001562 2
3 7 0 1 16 0 3 3 3 65536 2000001860 2
7 7 1 0 0 16 3 3 3 1048576 2000001892 1
4 7 0 2 16 8 0 0 3 8192 2000001977 2
1 7 2 3 8 64 1 1 3 8192 2000003114 2
2 7 3 0 64 16 2 2 3 262144 2000003191 2
6 7 2 0 8 16 2 2 3 8192 2000003250 2
9 7 2 1 8 0 1 1 3 8192 2000003413 2
5 7 3 2 64 8 1 1 3 8192 2000004430 2
19 7 2 3 8 64 3 3 3 262144 2000030215 2
17 7 1 2 0 8 1 1 3 65536 2000030872 2
14 7 0 1 16 0 2 2 3 131072 2000031546 2
16 7 0 2 16 8 0 0 3 8192 2000032131 2
18 7 0 1 16 0 2 2 3 262144 2000032299 2
11 7 3 1 64 0 3 3 3 1048576 2000032881 1
10 7 1 2 0 8 2 2 3 8192 2000033160 2
13 7 0 1 16 0 1 1 3 262144 2000034048 2
15 7 0 2 16 8 3 3 3 8192 2000034262 2
12 7 1 0 0 16 0 0 3 262144 2000034842 2
20 7 0 3 16 64 0 0 3 262144 2000060235 2
22 7 2 1 8 0 2 2 3 8192 2000061344 2
29 7 3 0 64 16 1 1 3 262144 2000061614 2
27 7 1 0 0 16 3 3 3 8192 2000061768 2
24 7 2 0 8 16 0 0 3 131072 2000062326 2
28 7 2 0 8 16 0 0 3 8192 2000063055 2
26 7 2 0 8 16 2 2 3 8192 2000063232 2
25 7 2 0 8 16 1 1 3 8192 2000063568 2
21 7 3 1 64 0 1 1 3 1048576 2000064642 1
23 7 2 1 8 0 3 3 3 1048576 2000064852 1
