30
0 8 1 3 192 72 0 0 3 131072 2000000073 2
6 8 0 3 136 72 0 0 3 131072 2000000927 2
4 8 2 0 144 136 0 0 3 65536 2000002042 2
9 8 3 2 72 144 0 0 3 8192 2000002354 2
1 8 2 1 144 192 0 0 3 8192 2000002588 2
3 8 3 1 72 192 0 0 3 1048576 2000003065 1
8 8 3 0 72 136 0 0 3 8192 2000003204 2
7 8 2 3 144 72 0 0 3 65536 2000003601 2
5 8 0 2 136 144 0 0 3 1048576 2000003925 1
2 8 1 0 192 136 0 0 3 8192 2000004230 2
19 8 3 1 72 192 0 0 3 1048576 2000030642 1
17 8 2 1 144 192 0 0 3 1048576 2000030924 1
11 8 1 2 192 144 0 0 3 131072 2000031285 2
13 8 0 1 136 192 0 0 3 131072 2000031458 2
14 8 0 3 136 72 0 0 3 1048576 2000031533 1
18 8 0 2 136 144 0 0 3 8192 2000032010 2
12 8 1 3 192 72 0 0 3 262144 2000032130 2
10 8 0 1 136 192 0 0 3 8192 2000033019 2
16 8 1 3 192 72 0 0 3 8192 2000034163 2
15 8 3 2 72 144 0 0 3 8192 2000034394 2
29 8 1 2 192 144 0 0 3 262144 2000060622 2
24 8 3 2 72 144 0 0 3 65536 2000060716 2
25 8 3 2 72 144 0 0 3 8192 2000061025 2
21 8 2 0 144 136 0 0 3 8192 2000061929 2
26 8 0 2 136 144 0 0 3 8192 2000062312 2
28 8 3 2 72 144 0 0 3 131072 2000062348 2
23 8 0 2 136 144 0 0 3 8192 2000063075 2
27 8 1 2 192 144 0 0 3 65536 2000063346 2
22 8 0 1 136 192 0 0 3 8192 2000063654 2
20 8 3 0 72 136 0 0 3 262144 2000064768 2
