30
1 2 2 1 8 24 1 1 3 8192 2000000106 2
6 2 3 2 88 8 2 2 3 8192 2000000488 2
5 2 1 2 24 8 1 1 3 131072 2000000908 2
4 2 0 3 216 88 0 0 3 8192 2000001321 2
9 2 1 0 24 216 1 1 3 8192 2000002131 2
8 2 3 1 88 24 0 0 3 1048576 2000002783 1
0 2 2 3 8 88 0 0 3 262144 2000004215 2
2 2 2 0 8 216 2 2 3 262144 2000004301 2
7 2 0 1 216 24 3 3 3 8192 2000004616 2
3 2 0 2 216 8 3 3 3 131072 2000004798 2
14 2 2 3 8 88 2 2 3 8192 2000030382 2
15 2 1 3 24 88 3 3 3 131072 2000030824 2
10 2 3 0 88 216 2 2 3 65536 2000032217 2
17 2 0 3 216 88 1 1 3 262144 2000032452 2
11 2 1 3 24 88 3 3 3 262144 2000032614 2
12 2 3 0 88 216 0 0 3 8192 2000032882 2
16 2 3 2 88 8 0 0 3 65536 2000033145 2
13 2 3 0 88 216 1 1 3 262144 2000033827 2
18 2 2 3 8 88 2 2 3 1048576 2000034127 1
19 2 3 0 88 216 3 3 3 131072 2000034947 2
27 2 2 3 8 88 3 3 3 262144 2000060387 2
26 2 2 3 8 88 2 2 3 1048576 2000061236 1
20 2 0 3 216 88 0 0 3 8192 2000061316 2
28 2 1 3 24 88 0 0 3 1048576 2000061419 1
29 2 2 3 8 88 1 1 3 65536 2000061928 2
24 2 2 3 8 88 0 0 3 262144 2000062668 2
25 2 1 3 24 88 1 1 3 8192 2000063045 2
21 2 0 3 216 88 1 1 3 1048576 2000063817 1
23 2 3 2 88 8 3 3 3 8192 2000063880 2
22 2 1 3 24 88 2 2 3 262144 2000064555 2
