30
5 4 1 2 88 208 0 0 3 8192 2000000106 2
0 4 0 2 16 208 0 0 3 1048576 2000000345 1
2 4 2 3 208 8 0 0 3 1048576 2000000511 1
9 4 3 0 8 16 0 0 3 8192 2000001881 2
3 4 0 3 16 8 0 0 3 8192 2000002368 2
1 4 2 1 208 88 0 0 3 8192 2000002674 2
8 4 0 1 16 88 0 0 3 262144 2000003523 2
6 4 1 3 88 8 0 0 3 8192 2000003586 2
7 4 3 2 8 208 0 0 3 8192 2000003635 2
4 4 2 0 208 16 0 0 3 8192 2000004376 2
10 4 3 1 8 88 0 0 3 8192 2000030636 2
14 4 1 0 88 16 0 0 3 8192 2000031140 2
19 4 1 0 88 16 0 0 3 65536 2000031547 2
18 4 2 1 208 88 0 0 3 131072 2000032151 2
15 4 0 3 16 8 0 0 3 65536 2000032350 2
16 4 2 1 208 88 0 0 3 8192 2000032873 2
17 4 1 2 88 208 0 0 3 65536 2000033159 2
11 4 1 0 88 16 0 0 3 65536 2000033989 2
12 4 3 0 8 16 0 0 3 65536 2000034511 2
13 4 2 0 208 16 0 0 3 8192 2000034805 2
26 4 2 1 208 88 0 0 3 8192 2000060024 2
23 4 3 1 8 88 0 0 3 8192 2000060104 2
25 4 2 1 208 88 0 0 3 65536 2000060479 2
29 4 3 1 8 88 0 0 3 1048576 2000061785 1
28 4 0 1 16 88 0 0 3 262144 2000062269 2
27 4 3 1 8 88 0 0 3 8192 2000062413 2
20 4 1 2 88 208 0 0 3 8192 2000062442 2
22 4 1 0 88 16 0 0 3 8192 2000063274 2
24 4 0 1 16 88 0 0 3 262144 2000063369 2
21 4 1 3 88 8 0 0 3 8192 2000064331 2
