30
2 11 2 1 128 24 0 0 3 65536 2000000386 2
8 11 2 3 128 88 0 0 3 8192 2000001118 2
7 11 0 1 208 24 0 0 3 65536 2000001255 2
0 11 1 0 24 208 0 0 3 65536 2000001392 2
4 11 1 3 24 88 0 0 3 65536 2000001592 2
9 11 2 0 128 208 0 0 3 65536 2000002054 2
3 11 0 3 208 88 0 0 3 262144 2000002874 2
6 11 3 0 88 208 0 0 3 262144 2000004307 2
5 11 3 2 88 128 0 0 3 8192 2000004667 2
1 11 1 2 24 128 0 0 3 8192 2000004978 2
15 11 0 1 208 24 0 0 3 65536 2000030457 2
10 11 0 2 208 128 0 0 3 65536 2000030790 2
19 11 3 0 88 208 0 0 3 8192 2000030842 2
13 11 3 0 88 208 0 0 3 131072 2000030868 2
18 11 1 3 24 88 0 0 3 8192 2000031067 2
16 11 1 2 24 128 0 0 3 131072 2000031534 2
11 11 3 1 88 24 0 0 3 131072 2000031580 2
12 11 1 3 24 88 0 0 3 262144 2000032462 2
17 11 1 0 24 208 0 0 3 262144 2000033904 2
14 11 1 2 24 128 0 0 3 131072 2000034107 2
24 11 0 3 208 88 0 0 3 65536 2000060402 2
29 11 1 3 24 88 0 0 3 8192 2000060665 2
21 11 3 1 88 24 0 0 3 65536 2000060699 2
28 11 0 3 208 88 0 0 3 8192 2000061009 2
25 11 0 3 208 88 0 0 3 8192 2000061466 2
27 11 0 3 208 88 0 0 3 65536 2000061781 2
26 11 0 3 208 88 0 0 3 8192 2000062122 2
20 11 0 3 208 88 0 0 3 65536 2000063939 2
23 11 0 1 208 24 0 0 3 262144 2000064636 2
22 11 3 0 88 208 0 0 3 65536 2000064809 2
