30
1 3 0 2 16 64 0 0 3 131072 2000000028 2
0 3 3 2 8 64 0 0 3 262144 2000000952 2
5 3 1 0 80 16 0 0 3 8192 2000001193 2
3 3 3 0 8 16 0 0 3 262144 2000001945 2
4 3 2 0 64 16 0 0 3 8192 2000002113 2
2 3 3 1 8 80 0 0 3 262144 2000002392 2
7 3 1 2 80 64 0 0 3 65536 2000002613 2
9 3 0 1 16 80 0 0 3 8192 2000002642 2
8 3 2 3 64 8 0 0 3 1048576 2000002980 1
6 3 2 1 64 80 0 0 3 65536 2000003421 2
11 3 1 3 80 8 0 0 3 65536 2000031465 2
13 3 0 2 16 64 0 0 3 131072 2000031531 2
12 3 1 2 80 64 0 0 3 65536 2000031752 2
19 3 3 1 8 80 0 0 3 262144 2000031762 2
14 3 2 1 64 80 0 0 3 65536 2000031969 2
16 3 1 0 80 16 0 0 3 8192 2000032227 2
18 3 1 3 80 8 0 0 3 8192 2000032362 2
10 3 0 3 16 8 0 0 3 262144 2000033961 2
15 3 2 3 64 8 0 0 3 8192 2000034380 2
17 3 3 0 8 16 0 0 3 1048576 2000034414 1
23 3 2 1 64 80 0 0 3 131072 2000060239 2
20 3 0 2 16 64 0 0 3 1048576 2000060738 1
22 3 3 0 8 16 0 0 3 1048576 2000060772 1
28 3 0 2 16 64 0 0 3 65536 2000060822 2
29 3 0 2 16 64 0 0 3 65536 2000061716 2
27 3 0 2 16 64 0 0 3 65536 2000062485 2
26 3 0 2 16 64 0 0 3 131072 2000062686 2
24 3 1 2 80 64 0 0 3 131072 2000063646 2
21 3 2 1 64 80 0 0 3 131072 2000064280 2
25 3 1 2 80 64 0 0 3 1048576 2000064459 1
