30
2 10 0 1 64 16 0 0 3 131072 2000000332 2
7 10 0 3 64 128 0 0 3 8192 2000000647 2
4 10 2 3 24 128 0 0 3 8192 2000000845 2
0 10 1 3 16 128 0 0 3 262144 2000001369 2
1 10 3 0 128 64 0 0 3 1048576 2000002342 1
6 10 2 1 24 16 0 0 3 8192 2000002790 2
9 10 3 2 128 24 0 0 3 131072 2000004386 2
8 10 2 0 24 64 0 0 3 8192 2000004716 2
3 10 1 2 16 24 0 0 3 262144 2000004818 2
5 10 0 2 64 24 0 0 3 8192 2000004965 2
12 10 1 2 16 24 0 0 3 1048576 2000030144 1
13 10 1 2 16 24 0 0 3 131072 2000030684 2
14 10 2 3 24 128 0 0 3 8192 2000031079 2
15 10 3 1 128 16 0 0 3 131072 2000031769 2
11 10 1 0 16 64 0 0 3 8192 2000032204 2
16 10 1 3 16 128 0 0 3 8192 2000032542 2
19 10 0 3 64 128 0 0 3 262144 2000032700 2
18 10 1 0 16 64 0 0 3 65536 2000033368 2
10 10 3 1 128 16 0 0 3 1048576 2000034255 1
17 10 0 3 64 128 0 0 3 131072 2000034535 2
24 10 1 3 16 128 0 0 3 131072 2000060658 2
28 10 0 3 64 128 0 0 3 8192 2000061077 2
25 10 0 3 64 128 0 0 3 8192 2000061560 2
27 10 0 3 64 128 0 0 3 262144 2000061667 2
29 10 2 3 24 128 0 0 3 1048576 2000063009 1
20 10 1 0 16 64 0 0 3 8192 2000063041 2
22 10 3 1 128 16 0 0 3 262144 2000063281 2
23 10 1 2 16 24 0 0 3 8192 2000063671 2
26 10 1 3 16 128 0 0 3 8192 2000063916 2
21 10 1 0 16 64 0 0 3 131072 2000064549 2
