30
4 5 0 1 88 24 0 0 3 8192 2000000144 2
3 5 3 1 144 24 0 0 3 131072 2000000341 2
5 5 1 0 24 88 0 0 3 262144 2000001120 2
9 5 2 0 0 88 0 0 3 1048576 2000001435 1
7 5 1 3 24 144 0 0 3 1048576 2000002185 1
2 5 2 1 0 24 0 0 3 262144 2000002297 2
1 5 3 0 144 88 0 0 3 65536 2000002336 2
0 5 0 3 88 144 0 0 3 131072 2000002441 2
8 5 1 2 24 0 0 0 3 262144 2000002694 2
6 5 3 2 144 0 0 0 3 8192 2000003429 2
19 5 1 2 24 0 0 0 3 8192 2000030028 2
15 5 3 2 144 0 0 0 3 8192 2000030156 2
12 5 1 0 24 88 0 0 3 8192 2000032235 2
14 5 2 0 0 88 0 0 3 1048576 2000032779 1
11 5 2 3 0 144 0 0 3 8192 2000033308 2
16 5 1 2 24 0 0 0 3 8192 2000033589 2
17 5 0 1 88 24 0 0 3 65536 2000033695 2
18 5 1 2 24 0 0 0 3 8192 2000034757 2
13 5 1 3 24 144 0 0 3 1048576 2000034979 1
10 5 0 2 88 0 0 0 3 262144 2000034990 2
27 5 3 2 144 0 0 0 3 1048576 2000060246 1
29 5 0 2 88 0 0 0 3 262144 2000060716 2
22 5 2 3 0 144 0 0 3 131072 2000061021 2
21 5 2 3 0 144 0 0 3 131072 2000061080 2
23 5 0 1 88 24 0 0 3 1048576 2000061363 1
25 5 3 2 144 0 0 0 3 1048576 2000061550 1
28 5 1 2 24 0 0 0 3 8192 2000062116 2
26 5 1 2 24 0 0 0 3 131072 2000064186 2
20 5 0 3 88 144 0 0 3 1048576 2000064450 1
24 5 1 2 24 0 0 0 3 8192 2000064979 2
