61
896 628 3 8388608 2.000000000 1
0 1128 3 8192 2.000000000 2
0 1128 3 8192 2.000000000 2
0 1128 3 8192 2.000000000 2
0 1128 3 8192 2.000000000 2
0 1128 3 8192 2.000000000 2
0 1128 3 8192 2.000000000 2
0 1128 3 8192 2.000000000 2
0 1128 3 8192 2.000000000 2
0 1128 3 8192 2.000000000 2
0 1128 3 8192 2.000000000 2
0 1128 3 8192 2.000000000 2
0 1128 3 8192 2.000000000 2
0 1128 3 8192 2.000000000 2
0 1128 3 8192 2.000000000 2
0 1128 3 8192 2.000000000 2
0 1128 3 8192 2.000000000 2
0 1128 3 8192 2.000000000 2
0 1128 3 8192 2.000000000 2
0 1128 3 8192 2.000000000 2
0 1128 3 8192 2.000000000 2
0 1128 3 8192 2.000000000 2
0 1128 3 8192 2.000000000 2
0 1128 3 8192 2.000000000 2
0 1128 3 8192 2.000000000 2
0 1128 3 8192 2.000000000 2
0 1128 3 8192 2.000000000 2
0 1128 3 8192 2.000000000 2
0 1128 3 8192 2.000000000 2
0 1128 3 8192 2.000000000 2
0 1128 3 8192 2.000000000 2
0 1128 3 8192 2.000000000 2
0 1128 3 8192 2.000000000 2
0 1128 3 8192 2.000000000 2
0 1128 3 8192 2.000000000 2
0 1128 3 8192 2.000000000 2
0 1128 3 8192 2.000000000 2
0 1128 3 8192 2.000000000 2
0 1128 3 8192 2.000000000 2
0 1128 3 8192 2.000000000 2
0 1128 3 8192 2.000000000 2
0 1128 3 8192 2.000000000 2
0 1128 3 8192 2.000000000 2
0 1128 3 8192 2.000000000 2
0 1128 3 8192 2.000000000 2
0 1128 3 8192 2.000000000 2
0 1128 3 8192 2.000000000 2
0 1128 3 8192 2.000000000 2
0 1128 3 8192 2.000000000 2
0 1128 3 8192 2.000000000 2
0 1128 3 8192 2.000000000 2
0 1128 3 8192 2.000000000 2
0 1128 3 8192 2.000000000 2
0 1128 3 8192 2.000000000 2
0 1128 3 8192 2.000000000 2
0 1128 3 8192 2.000000000 2
0 1128 3 8192 2.000000000 2
0 1128 3 8192 2.000000000 2
0 1128 3 8192 2.000000000 2
0 1128 3 8192 2.000000000 2
0 1144 3 8192 2.000000000 2
